Length,Number, MeanB, MeanBB, MeanD
1,0,0.000912,0.000855,0.01337
1,1,0.000872,0.000897,0.013347
1,2,0.000851,0.00091,0.017587
1,3,0.000843,0.000925,0.013285
1,4,0.000904,0.000854,0.014581
1,5,0.000876,0.000813,0.013293
1,6,0.000875,0.000875,0.014353
1,7,0.000914,0.000917,0.0145
1,8,0.00091,0.000837,0.014436
1,9,0.000901,0.000895,0.014833
1,10,0.000908,0.000901,0.014368
1,11,0.001019,0.000882,0.014569
1,12,0.000848,0.00087,0.018331
1,13,0.00085,0.000895,0.016436
1,14,0.000855,0.000851,0.013123
1,15,0.00087,0.000786,0.014486
1,16,0.001236,0.000902,0.019354
1,17,0.000918,0.001145,0.014329
1,18,0.001171,0.001092,0.019169
1,19,0.000922,0.001209,0.018031
2,0,0.00094,0.000909,0.009016
2,1,0.000879,0.000877,0.009738
2,2,0.0009485,0.00089,0.009646
2,3,0.0009175,0.000998,0.008796
2,4,0.0010685,0.001104,0.0096455
2,5,0.0009445,0.000877,0.012056
2,6,0.0009255,0.0011705,0.0095035
2,7,0.0008855,0.001113,0.008817
2,8,0.000907,0.000885,0.0097135
2,9,0.001147,0.0008715,0.009715
2,10,0.000961,0.000875,0.0094415
2,11,0.0008835,0.000911,0.009519
2,12,0.000896,0.000853,0.009016
2,13,0.0009705,0.0008815,0.009485
2,14,0.001139,0.000871,0.00979
2,15,0.0008615,0.0008545,0.0087475
2,16,0.000874,0.0008825,0.008875
2,17,0.0008965,0.00083,0.008923
2,18,0.000917,0.0008825,0.013133
2,19,0.000892,0.0009625,0.0096645
3,0,0.00172967,0.00142867,0.00838467
3,1,0.001349,0.00144033,0.00800167
3,2,0.001308,0.00135433,0.00843633
3,3,0.001305,0.00131133,0.00828067
3,4,0.001365,0.001361,0.00861667
3,5,0.001384,0.001416,0.00799667
3,6,0.00138833,0.00136033,0.00830067
3,7,0.00142033,0.00137767,0.00836733
3,8,0.00133,0.00138233,0.009011
3,9,0.00138667,0.00139133,0.008315
3,10,0.00138433,0.00134267,0.00831233
3,11,0.001325,0.00132233,0.008597
3,12,0.001325,0.00130767,0.00833533
3,13,0.00137,0.001418,0.007985
3,14,0.00137433,0.00135667,0.008379
3,15,0.00132267,0.00133433,0.008207
3,16,0.00138133,0.001283,0.00836967
3,17,0.001375,0.00146867,0.00805267
3,18,0.00135933,0.001323,0.007827
3,19,0.001271,0.00135367,0.00848667
4,0,0.0023395,0.00234125,0.008162
4,1,0.00225525,0.002255,0.0078145
4,2,0.0032005,0.002354,0.0122365
4,3,0.00292525,0.0022215,0.00771625
4,4,0.0029775,0.0023015,0.007844
4,5,0.00221825,0.0021605,0.00804625
4,6,0.00226475,0.0023415,0.00817825
4,7,0.00226025,0.00223625,0.0081955
4,8,0.002248,0.00221425,0.00776125
4,9,0.00225675,0.00301075,0.0081455
4,10,0.0023395,0.003003,0.00781125
4,11,0.00230175,0.0027045,0.008129
4,12,0.002214,0.0022025,0.0080965
4,13,0.00232225,0.0028225,0.008253
4,14,0.00234475,0.0022915,0.008098
4,15,0.00235,0.0022775,0.00789575
4,16,0.003117,0.00234575,0.00821675
4,17,0.00207125,0.00207275,0.00774525
4,18,0.00288,0.00217525,0.007995
4,19,0.00234625,0.00225625,0.00788625
5,0,0.004009,0.0043926,0.0083336
5,1,0.0038196,0.0045108,0.00843
5,2,0.0039502,0.003911,0.0083934
5,3,0.0039944,0.0055466,0.0085218
5,4,0.0039882,0.0039104,0.0085696
5,5,0.0038422,0.003798,0.0085452
5,6,0.003719,0.0037168,0.0085992
5,7,0.0038144,0.0037366,0.0086442
5,8,0.0039626,0.0040568,0.0085182
5,9,0.0051476,0.0035676,0.0085058
5,10,0.0039938,0.0038878,0.0083464
5,11,0.004026,0.0039946,0.0086366
5,12,0.0039042,0.0038116,0.008374
5,13,0.0039908,0.003969,0.0085698
5,14,0.0042086,0.0042854,0.008783
5,15,0.0039558,0.0039264,0.0084266
5,16,0.0038826,0.0038208,0.0084788
5,17,0.003992,0.0039764,0.0084548
5,18,0.003998,0.003873,0.0086456
5,19,0.0041464,0.004106,0.0129728
6,0,0.00653433,0.00662967,0.0088125
6,1,0.00733017,0.00737733,0.008934
6,2,0.006465,0.00678717,0.00920483
6,3,0.00706817,0.00709483,0.0090155
6,4,0.00828133,0.00626217,0.00878283
6,5,0.00714033,0.00804133,0.009296
6,6,0.007677,0.0078085,0.0091195
6,7,0.0064805,0.0065805,0.00917083
6,8,0.00721117,0.00720333,0.00897083
6,9,0.00679517,0.00674667,0.00898433
6,10,0.00686167,0.00678833,0.00895767
6,11,0.00712683,0.00709567,0.00935283
6,12,0.00701883,0.0088575,0.00906783
6,13,0.00714167,0.00720567,0.0142295
6,14,0.0071585,0.00714583,0.00918017
6,15,0.010096,0.00719333,0.0103917
6,16,0.006328,0.00643183,0.009276
6,17,0.00635433,0.006317,0.0133288
6,18,0.00675133,0.00770633,0.008876
6,19,0.00608383,0.00612583,0.0091225
7,0,0.0117826,0.0116966,0.00994886
7,1,0.0128854,0.0129076,0.0101694
7,2,0.0108069,0.0108244,0.0100219
7,3,0.0119894,0.0118679,0.0112141
7,4,0.0131891,0.013174,0.00999
7,5,0.0130349,0.0129703,0.00993871
7,6,0.013797,0.0111639,0.00990814
7,7,0.0103714,0.0102926,0.0101759
7,8,0.0108339,0.0107654,0.00990414
7,9,0.0129766,0.0129719,0.0102113
7,10,0.00931514,0.00933386,0.009841
7,11,0.00969614,0.00974071,0.009768
7,12,0.0128679,0.0128611,0.0101337
7,13,0.011648,0.0116473,0.00985514
7,14,0.0107416,0.0108589,0.0103026
7,15,0.0121924,0.010564,0.0125717
7,16,0.012613,0.0142774,0.0108191
7,17,0.012214,0.0145096,0.0102379
7,18,0.011927,0.0120279,0.0103214
7,19,0.0154029,0.0107277,0.0100461
8,0,0.0192281,0.0191554,0.0108387
8,1,0.0167617,0.016775,0.0109883
8,2,0.0230505,0.0166669,0.0111856
8,3,0.0241329,0.022758,0.01112
8,4,0.0219267,0.0218316,0.0108358
8,5,0.0184056,0.0183171,0.0113426
8,6,0.0167503,0.0167548,0.0112025
8,7,0.0201129,0.0238438,0.0109579
8,8,0.0196486,0.0196263,0.0110383
8,9,0.0223984,0.0357282,0.0113119
8,10,0.0179993,0.0199396,0.0110814
8,11,0.0198794,0.0198586,0.0113023
8,12,0.0226064,0.0244426,0.012979
8,13,0.019878,0.0199781,0.011145
8,14,0.0223505,0.0224188,0.0112779
8,15,0.0168049,0.0167525,0.0109746
8,16,0.0177418,0.0177006,0.0109105
8,17,0.022112,0.024609,0.0109396
8,18,0.0194121,0.0166465,0.0110395
8,19,0.0195556,0.0196414,0.0127401
9,0,0.0292163,0.0277743,0.0128123
9,1,0.0372781,0.0309053,0.0177342
9,2,0.0309866,0.0449282,0.0135296
9,3,0.0396363,0.0330263,0.019084
9,4,0.0448532,0.0452001,0.0123849
9,5,0.0327381,0.0342472,0.012413
9,6,0.0314854,0.0314843,0.0122768
9,7,0.0305368,0.0304977,0.0138482
9,8,0.0357719,0.0354314,0.0125158
9,9,0.0314528,0.0314512,0.0123139
9,10,0.0420116,0.041787,0.016454
9,11,0.031969,0.0319826,0.0124343
9,12,0.034322,0.030583,0.0140284
9,13,0.0320688,0.0321198,0.012793
9,14,0.0483462,0.0485872,0.0122646
9,15,0.02972,0.0296808,0.0124479
9,16,0.0352967,0.0352153,0.0123133
9,17,0.0345152,0.0332359,0.0121604
9,18,0.0369591,0.0369638,0.0132183
9,19,0.0375644,0.0377029,0.0124844
10,0,0.0605527,0.0472304,0.0225809
10,1,0.0463277,0.0464184,0.0143876
10,2,0.0528038,0.0526817,0.0143715
10,3,0.0472267,0.055929,0.0141099
10,4,0.085393,0.0739394,0.014559
10,5,0.0673312,0.0525582,0.0205543
10,6,0.0523027,0.048594,0.0219693
10,7,0.0520044,0.0504778,0.0150157
10,8,0.0522888,0.052077,0.0139369
10,9,0.0502413,0.050358,0.0142397
10,10,0.0614354,0.0615745,0.0143606
10,11,0.0490763,0.0505746,0.0143476
10,12,0.049244,0.0490097,0.0138798
10,13,0.0569541,0.0553857,0.0150326
10,14,0.0577614,0.0577303,0.0146431
10,15,0.0439555,0.0438849,0.0138675
10,16,0.068892,0.082355,0.0140928
10,17,0.0627217,0.0614551,0.01548
10,18,0.05916,0.0551922,0.0143023
10,19,0.0537973,0.0538308,0.0149921
11,0,0.0891356,0.0813821,0.0161455
11,1,0.0908388,0.0882716,0.0162439
11,2,0.0988449,0.0841557,0.0171972
11,3,0.0922355,0.0885814,0.0161181
11,4,0.114609,0.115674,0.0158824
11,5,0.121202,0.0842824,0.0161028
11,6,0.0795146,0.0793347,0.016306
11,7,0.0854448,0.0891215,0.0163059
11,8,0.107552,0.104187,0.0158325
11,9,0.0874841,0.0872089,0.0162959
11,10,0.11271,0.113933,0.0253597
11,11,0.0913846,0.0748089,0.0161638
11,12,0.147123,0.165984,0.0263492
11,13,0.0680353,0.0787586,0.0229499
11,14,0.0758489,0.0757056,0.0161488
11,15,0.0897765,0.0949614,0.0166147
11,16,0.0847904,0.0863247,0.0166515
11,17,0.0862572,0.0847198,0.0157825
11,18,0.0894846,0.0916653,0.0193504
11,19,0.0737957,0.0738088,0.0158126
12,0,0.140323,0.166602,0.0187443
12,1,0.149623,0.149924,0.0222448
12,2,0.13402,0.106253,0.0207598
12,3,0.109261,0.111195,0.0184314
12,4,0.109296,0.108915,0.0182728
12,5,0.145485,0.149738,0.0185774
12,6,0.126828,0.141775,0.0194048
12,7,0.192778,0.193378,0.0260592
12,8,0.183521,0.179709,0.0188073
12,9,0.135978,0.137257,0.0182935
12,10,0.135142,0.135194,0.0185237
12,11,0.122114,0.121245,0.0192796
12,12,0.105369,0.105043,0.0184083
12,13,0.110377,0.112109,0.0184003
12,14,0.157508,0.156114,0.0192657
12,15,0.165729,0.165773,0.0187895
12,16,0.172876,0.120852,0.0188552
12,17,0.129021,0.127309,0.0188284
12,18,0.161373,0.13947,0.0213605
12,19,0.135186,0.13666,0.0185107
13,0,0.229735,0.230403,0.0231635
13,1,0.293663,0.319035,0.023903
13,2,0.239408,0.25629,0.0232974
13,3,0.331457,0.28699,0.0254515
13,4,0.250856,0.24954,0.0272104
13,5,0.254282,0.30383,0.0214587
13,6,0.298469,0.224796,0.0206958
13,7,0.295532,0.247288,0.022566
13,8,0.180225,0.183063,0.0224087
13,9,0.247692,0.248377,0.021103
13,10,0.250934,0.250451,0.0207401
13,11,0.305912,0.363384,0.0216306
13,12,0.297299,0.302572,0.0211722
13,13,0.302243,0.229087,0.0210078
13,14,0.254348,0.272972,0.0209598
13,15,0.300883,0.310642,0.0207955
13,16,0.200258,0.203531,0.0329006
13,17,0.138662,0.137725,0.0211325
13,18,0.182162,0.191913,0.0261672
13,19,0.251868,0.215983,0.0216618
14,0,0.60964,0.573381,0.0293123
14,1,0.406781,0.40753,0.0262461
14,2,0.470036,0.517435,0.0257593
14,3,0.366837,0.392014,0.0242409
14,4,0.466689,0.48006,0.0252716
14,5,0.507081,0.509493,0.0232519
14,6,0.332406,0.344326,0.0305293
14,7,0.331445,0.333035,0.024774
14,8,0.292144,0.305225,0.0239791
14,9,0.289951,0.28899,0.0294781
14,10,0.302242,0.334058,0.0237462
14,11,0.236634,0.287786,0.0271154
14,12,0.402691,0.404721,0.0248204
14,13,0.357651,0.371704,0.023516
14,14,0.288299,0.288857,0.0253251
14,15,0.272529,0.273427,0.0239141
14,16,1.03247,0.895523,0.0267046
14,17,0.380625,0.324215,0.0246188
14,18,0.242275,0.243978,0.0245326
14,19,0.288295,0.287461,0.0293838
15,0,0.552325,0.567017,0.0263229
15,1,0.472198,0.538351,0.0269243
15,2,0.400692,0.399721,0.0272014
15,3,0.581713,0.479834,0.0280643
15,4,0.674866,0.725146,0.0273065
15,5,0.535646,0.549837,0.0326051
15,6,0.489269,0.457235,0.0277401
15,7,0.795985,0.80151,0.0268774
15,8,0.632628,0.824136,0.0278939
15,9,0.745105,0.526293,0.0268848
15,10,0.387258,0.379238,0.0278028
15,11,0.824383,0.825877,0.0272613
15,12,0.585688,0.587061,0.0266891
15,13,0.453315,0.437558,0.0335763
15,14,0.447181,0.413504,0.0261493
15,15,0.378001,0.435703,0.0274811
15,16,0.770214,0.794896,0.0277613
15,17,0.451231,0.450975,0.0271749
15,18,0.640448,0.67886,0.0281219
15,19,0.471739,0.494318,0.0272699
16,0,0.649633,0.650179,0.0376001
16,1,0.579287,0.67221,0.0292241
16,2,0.693194,0.694267,0.0393612
16,3,1.02424,0.950986,0.0308189
16,4,0.698725,0.695889,0.0319729
16,5,0.564084,0.674081,0.0313948
16,6,0.779628,0.923655,0.0306561
16,7,0.831315,0.803293,0.0305261
16,8,0.646499,0.645306,0.0331232
16,9,0.691319,0.697047,0.0312429
16,10,0.754066,0.754785,0.0310738
16,11,2.07725,1.51006,0.0303281
16,12,0.75661,0.899222,0.0304972
16,13,0.713711,0.713337,0.0327641
16,14,0.716194,0.714791,0.0323976
16,15,1.04358,1.14394,0.0296743
16,16,0.622612,0.751597,0.0312709
16,17,1.09098,1.07262,0.0345153
16,18,1.49659,1.73212,0.0306263
16,19,1.12609,0.970757,0.0327444
17,0,1.16893,1.05441,0.0343186
17,1,1.15589,1.11794,0.0416116
17,2,1.15787,1.14755,0.0353772
17,3,1.06093,1.05705,0.0347087
17,4,1.01767,0.987311,0.035497
17,5,1.31037,1.5204,0.0425314
17,6,1.0705,1.28535,0.0344988
17,7,1.30864,1.24608,0.0418921
17,8,1.14541,1.3515,0.0328309
17,9,1.40579,1.39935,0.0327808
17,10,0.833563,0.821591,0.0467712
17,11,1.11822,1.11854,0.0360911
17,12,2.0958,1.98903,0.0345461
17,13,1.38364,1.32307,0.0327991
17,14,1.1954,1.15343,0.0409817
17,15,1.38302,1.33188,0.0345415
17,16,1.86093,2.12304,0.0335201
17,17,1.85465,1.79922,0.0372523
17,18,1.24744,1.28687,0.0336879
17,19,1.01185,1.4344,0.0337265
18,0,1.53089,1.44553,0.0405761
18,1,1.11708,1.10791,0.0379943
18,2,1.47068,1.48472,0.0398189
18,3,3.51729,3.8816,0.0385762
18,4,1.5892,1.18034,0.0428724
18,5,2.37951,2.35781,0.0372864
18,6,1.72824,1.7252,0.0373679
18,7,1.96115,1.94151,0.0369454
18,8,2.1088,2.2228,0.0400406
18,9,1.29314,1.24352,0.0415151
18,10,1.44744,1.67817,0.0417593
18,11,1.65635,1.66936,0.0374401
18,12,1.06284,1.08089,0.0442147
18,13,2.76493,2.8295,0.0365915
18,14,1.36119,1.35896,0.0382232
18,15,1.70592,1.71175,0.0394112
18,16,1.49408,1.47333,0.0389514
18,17,1.7123,1.72341,0.0380973
18,18,3.01203,3.04941,0.0366711
18,19,2.98823,3.04003,0.0380981
19,0,1.58235,1.53477,0.0541308
19,1,2.47877,2.41462,0.0514518
19,2,2.3503,2.50973,0.0408029
19,3,2.21738,2.30093,0.0509221
19,4,1.87441,1.80106,0.0444123
19,5,2.66665,2.58374,0.0504213
19,6,2.37544,2.35236,0.0416076
19,7,6.50065,7.61645,0.0396027
19,8,2.65455,3.01592,0.0412254
19,9,3.55766,3.42721,0.0414278
19,10,2.28796,2.2508,0.0416804
19,11,2.06561,1.8052,0.0421964
19,12,1.89336,1.90952,0.0425396
19,13,2.18941,2.1152,0.0401375
19,14,2.4632,2.57442,0.0434521
19,15,1.69273,1.50573,0.0439877
19,16,2.00305,1.79467,0.0505561
19,17,4.83012,4.83094,0.0421793
19,18,2.6367,2.64176,0.0504148
19,19,3.32228,3.63587,0.0437299
20,0,2.97242,3.03775,0.0457388
20,1,5.80413,4.2251,0.0454255
20,2,3.4067,3.36365,0.0459413
20,3,2.56379,2.83538,0.0526002
20,4,4.12592,4.3468,0.0584611
20,5,11.2216,11.116,0.0431722
20,6,3.05518,3.04799,0.0455232
20,7,4.3913,4.16448,0.0446997
20,8,4.54427,4.67499,0.0493088
20,9,4.61873,4.25444,0.0424954
20,10,3.15438,3.25589,0.0435771
20,11,6.10164,6.03184,0.0438313
20,12,4.05299,3.72899,0.0552659
20,13,4.56669,4.62798,0.0449066
20,14,6.86791,6.42309,0.0535139
20,15,3.71652,5.32477,0.0455526
20,16,4.78422,4.9764,0.0489541
20,17,2.81011,2.87346,0.0553122
20,18,3.56914,3.54952,0.0425572
20,19,2.44076,2.45863,0.0458115
21,0,4.59132,4.61373,0.0554198
21,1,15.4149,18.3057,0.0455336
21,2,4.5583,4.97472,0.0481353
21,3,8.37087,8.31244,0.0490873
21,4,6.8505,6.76672,0.0480921
21,5,6.36866,6.44508,0.0476671
21,6,3.03257,3.06948,0.0526241
21,7,7.52684,7.46194,0.0505284
21,8,4.70047,4.63265,0.0504672
21,9,4.39685,4.40843,0.0521722
21,10,3.19571,3.13281,0.0563892
21,11,4.16373,4.07342,0.0608878
21,12,6.27313,6.17213,0.0527305
21,13,6.92401,6.61178,0.0582768
21,14,4.64647,5.51971,0.0614347
21,15,3.8462,3.18924,0.0506813
21,16,5.25202,5.10794,0.048826
21,17,5.77326,5.70093,0.0469949
21,18,2.80837,3.13615,0.05243
21,19,4.61519,3.90158,0.0491172
22,0,8.65182,8.66282,0.0661698
22,1,17.0496,16.5836,0.0524679
22,2,5.16629,4.9005,0.0512201
22,3,8.7196,10.1946,0.0535733
22,4,6.0587,5.92772,0.0664645
22,5,8.84918,10.3621,0.0582086
22,6,6.93956,7.02608,0.0511202
22,7,9.61609,9.8889,0.05267
22,8,6.62632,7.40628,0.0530657
22,9,13.8845,14.0777,0.0619171
22,10,4.13562,4.20365,0.0541059
22,11,5.33541,5.24846,0.0520191
22,12,6.94348,6.96538,0.0548062
22,13,10.5483,10.1234,0.0575047
22,14,8.71425,9.86666,0.0512182
22,15,11.6868,10.3199,0.0668719
22,16,9.71912,10.0397,0.0529012
22,17,5.72717,6.70405,0.058114
22,18,8.42981,8.74131,0.0515796
22,19,10.318,10.2362,0.0538314
23,0,19.0041,17.711,0.0566671
23,1,10.3086,10.8333,0.0681597
23,2,9.3168,9.14351,0.0612443
23,3,8.16199,8.20801,0.057882
23,4,12.3514,12.7509,0.0573106
23,5,11.4625,11.5745,0.0575825
23,6,9.58454,9.52363,0.0552677
23,7,20.764,19.4921,0.0575937
23,8,10.0628,9.40198,0.0898579
23,9,31.1455,31.2825,0.0560564
23,10,8.32226,8.53514,0.056724
23,11,14.3703,13.8561,0.0621973
23,12,9.86086,9.47266,0.0587405
23,13,19.2435,19.1912,0.0713846
23,14,17.2486,16.4553,0.056445
23,15,17.8832,16.0646,0.056443
23,16,20.7411,19.2855,0.0578074
23,17,8.19537,9.86352,0.0618142
23,18,20.6356,20.9027,0.0879046
23,19,12.5216,10.93,0.06939
24,0,18.6765,17.7722,0.0631963
24,1,6.65264,6.59612,0.0665171
24,2,27.2819,27.2223,0.0599106
24,3,13.873,13.0165,0.0623527
24,4,14.7764,15.1793,0.0612367
24,5,10.1615,12.0879,0.0630094
24,6,10.5061,10.3795,0.0641634
24,7,9.74041,9.71075,0.0625173
24,8,15.6971,15.339,0.0636521
24,9,18.7027,18.4832,0.067314
24,10,18.8383,18.7616,0.0676892
24,11,19.6722,19.7743,0.0609222
24,12,13.2341,12.7365,0.060221
24,13,19.6109,19.504,0.0612213
24,14,23.757,25.1583,0.0628926
24,15,23.0213,22.9813,0.0635581
24,16,19.7858,20.5168,0.0613592
24,17,21.7326,20.9556,0.0699082
24,18,13.4788,13.3822,0.0621668
24,19,10.0118,9.9528,0.0744157
25,0,20.5863,20.3554,0.0641636
25,1,19.3364,19.1978,0.0787199
25,2,52.2314,52.0942,0.0648021
25,3,16.6794,16.1514,0.0803784
25,4,40.2733,40.5981,0.0665346
25,5,15.0986,15.083,0.0661015
25,6,18.2391,18.2507,0.0657539
25,7,50.0042,49.926,0.0641517
25,8,18.3624,20.0994,0.0677639
25,9,16.6697,14.588,0.0819337
25,10,17.6606,17.6269,0.0672299
25,11,12.1445,14.427,0.0743196
25,12,34.9556,33.8307,0.0817256
25,13,31.5798,29.4163,0.0663882
25,14,15.5333,15.8122,0.0686011
25,15,25.9828,25.6512,0.0678427
25,16,27.1713,27.1189,0.0667774
25,17,32.9838,33.0981,0.0702739
25,18,32.0493,30.0361,0.0658649
25,19,34.1873,34.1041,0.0653632
26,0,45.0743,45.855,0.0706813
26,1,23.8837,23.8537,0.080682
26,2,33.0086,33.8357,0.077187
26,3,32.7841,33.7676,0.0704312
26,4,24.5614,24.5433,0.0795117
26,5,28.4717,28.2185,0.0776272
26,6,32.4296,32.954,0.0696556
26,7,22.4814,22.1572,0.0764997
26,8,32.5991,32.4788,0.0713044
26,9,32.6709,33.3307,0.06935
26,10,16.6019,18.9969,0.0838734
26,11,21.872,22.4233,0.0760942
26,12,25.8575,26.4393,0.077074
26,13,34.9598,33.7032,0.0709215
26,14,30.9004,32.4716,0.084063
26,15,93.8481,93.1088,0.0705996
26,16,14.2135,14.4537,0.0728201
26,17,55.1436,54.124,0.0852665
26,18,38.3983,37.9689,0.0703448
26,19,27.9521,29.4362,0.0721337
27,0,18.8899,18.9789,0.0742547
27,1,40.0149,40.6725,0.0782022
27,2,51.6775,54.1431,0.0829036
27,3,47.6658,46.9187,0.0866326
27,4,34.9115,33.9235,0.0820938
27,5,107.443,105.932,0.0754351
27,6,48.1064,46.5505,0.0836273
27,7,37.0719,37.1966,0.0768604
27,8,86.0724,86.3257,0.0892759
27,9,32.4437,32.151,0.0781386
27,10,33.5327,33.728,0.077232
27,11,93.8016,93.435,0.0922347
27,12,35.8623,38.6652,0.0807857
27,13,99.7075,97.557,0.08099
27,14,25.6037,25.9449,0.0757462
27,15,63.367,65.8736,0.0777823
27,16,24.8801,25.89,0.0952306
27,17,88.4546,88.3863,0.0781987
27,18,57.8571,55.1633,0.082921
27,19,60.0827,59.9808,0.0969149
28,0,30.0654,31.5994,0.0966315
28,1,25.0026,24.6886,0.0795924
28,2,47.3919,48.058,0.0871959
28,3,128.142,128.211,0.0804177
28,4,87.0444,86.5818,0.0798096
28,5,67.8521,67.7584,0.0809769
28,6,41.1038,42.7987,0.0782109
28,7,43.3439,43.4997,0.0805495
28,8,34.4224,35.6882,0.0788888
28,9,161.647,160.031,0.0802648
28,10,72.4945,72.497,0.0823791
28,11,52.9995,52.3381,0.0870134
28,12,35.7592,35.7246,0.0813169
28,13,86.7876,86.3843,0.102328
28,14,120.489,121.914,0.0825162
28,15,50.6046,51.9026,0.0799712
28,16,158.371,161.995,0.08212
28,17,38.123,38.6068,0.0806683
28,18,84.9667,87.1897,0.0806784
28,19,46.2667,45.9824,0.0799226
29,0,193.865,193.529,0.0857634
29,1,41.7723,41.7602,0.0871416
29,2,81.9853,79.1256,0.085649
29,3,183.388,183.755,0.0861128
29,4,76.4245,74.658,0.0833466
29,5,63.1665,63.0656,0.0852419
29,6,101.029,101.536,0.0835269
29,7,56.055,56.0377,0.0846364
29,8,38.885,39.07,0.0866649
29,9,64.5314,63.6483,0.109809
29,10,99.9986,99.9418,0.0847838
29,11,39.2606,38.9407,0.0864819
29,12,102.557,103.703,0.08471
29,13,123.576,123.7,0.0868911
29,14,54.5322,54.7354,0.0877812
29,15,59.9479,59.5777,0.0934359
29,16,191.423,190.779,0.0823613
29,17,61.3087,60.991,0.0884995
29,18,97.2947,95.3659,0.105992
29,19,66.5033,68.4029,0.0880368
30,0,183.971,186.548,0.0906322
30,1,111.038,111.03,0.0900739
30,2,93.1683,90.851,0.0880092
30,3,110.45,109.315,0.08858
30,4,94.1492,96.0948,0.0933363
30,5,75.7231,75.7647,0.112005
30,6,100.461,98.5855,0.0916852
30,7,251.283,250.362,0.0894689
30,8,187.878,189.268,0.092539
30,9,60.7261,60.591,0.102829
30,10,114.69,114.347,0.0894654
30,11,235.861,229.81,0.0885245
30,12,188.466,183.029,0.0929477
30,13,186.435,192.072,0.0914293
30,14,108.206,107.751,0.0954426
30,15,90.1969,91.1649,0.0902228
30,16,74.7707,74.9136,0.110918
30,17,72.1443,71.4175,0.0933983
30,18,109.452,108.206,0.116295
30,19,159.606,159.644,0.0969962
31,0,374.479,374.538,0.0963301
31,1,416.452,414.061,0.11788
31,2,80.1081,77.099,0.0978851
31,3,80.2876,81.4197,0.101051
31,4,148.373,148.356,0.115027
31,5,323.959,318.385,0.0942416
31,6,430.331,433.755,0.119983
31,7,263.247,260.697,0.0952235
31,8,152.993,150.88,0.0934906
31,9,356.928,356.963,0.0981877
31,10,139.32,139.393,0.0965502
31,11,370.986,371.727,0.117117
31,12,156.072,156.302,0.099375
31,13,212.024,206.795,0.0986712
31,14,112.543,113.142,0.0976461
31,15,101.014,100.858,0.100369
31,16,143.003,142.132,0.09847
31,17,95.4234,95.0869,0.12266
31,18,82.4565,80.0733,0.0986211
31,19,154.164,155.292,0.10152
32,0,211.442,208.139,0.122796
32,1,115.391,112.895,0.0983389
32,2,176.734,176.03,0.101484
32,3,233.679,231.545,0.101159
32,4,241.224,239.035,0.102944
32,5,265.657,265.732,0.100023
32,6,250.802,250.234,0.102554
32,7,174.453,174.547,0.10293
32,8,307.777,302.879,0.104489
32,9,198.482,197.911,0.098954
32,10,184.137,182.939,0.127154
32,11,103.158,101.635,0.106301
32,12,107.212,106.5,0.104057
32,13,297.635,297.147,0.150636
32,14,210.142,210.551,0.110101
32,15,152.682,155.119,0.110515
32,16,219.5,223.189,0.100614
32,17,201.885,200.628,0.101903
32,18,144.916,145.671,0.101514
32,19,737.739,735.163,0.123206
33,0,556.357,555.404,0.11039
33,1,223.694,225.16,0.107371
33,2,277.958,277.359,0.131744
33,3,178.349,178.155,0.106344
33,4,158.618,159.637,0.117124
33,5,213.12,208.969,0.110156
33,6,449.771,451.223,0.114932
33,7,234.08,232.266,0.108027
33,8,202.011,201.45,0.110499
33,9,264.931,263.671,0.1243
33,10,329.851,330.269,0.104386
33,11,428.395,427.508,0.107164
33,12,285.592,284.8,0.112783
33,13,142.948,140.274,0.107869
33,14,333.923,336.049,0.111759
33,15,378.191,377.092,0.109241
33,16,292.006,296.039,0.111365
33,17,231.02,231.408,0.117281
33,18,1163.4,1163.81,0.110889
33,19,225.111,227.046,0.120569
34,0,310.788,314.132,0.117912
34,1,288.04,286.977,0.113274
34,2,463.768,464.244,0.114015
34,3,601.457,601.454,0.115994
34,4,240.427,240.092,0.11711
34,5,443.693,448.366,0.122765
34,6,564.261,565.182,0.113364
34,7,461.365,460.393,0.137014
34,8,242.509,240.928,0.106939
34,9,551.088,551.243,0.114232
34,10,435.216,431.665,0.11616
34,11,266.91,263.246,0.117697
34,12,954.37,954.715,0.139169
34,13,373.64,373.874,0.120293
34,14,438.052,439.224,0.114568
34,15,2082.55,2084.54,0.121067
34,16,1181.41,1180.6,0.111962
34,17,349.128,349.708,0.117401
34,18,364.654,365.837,0.116846
34,19,452.034,456.918,0.120243
35,0,4816.76,4803.17,0.113709
35,1,319.853,322.732,0.127645
35,2,576.094,573.562,0.120375
35,3,822.227,812.415,0.178806
35,4,536.047,538.026,0.118423
35,5,317.701,318.934,0.118107
35,6,322.77,322.442,0.119121
35,7,315.878,315.679,0.128156
35,8,733.469,735.306,0.123687
35,9,263.91,263.615,0.119297
35,10,405.635,402.355,0.121243
35,11,2549.53,2554.53,0.12215
35,12,484.733,483.57,0.119327
35,13,603.826,602.844,0.121834
35,14,311.207,310.997,0.123147
35,15,614.765,613.891,0.128867
35,16,951.387,952.878,0.118776
35,17,651.957,654.801,0.122975
35,18,1803.74,1800.76,0.130466
35,19,461.97,463.664,0.120295
36,0,886.466,886,0.124611
36,1,299.933,298.187,0.128315
36,2,393.271,390.801,0.127522
36,3,228.714,228.805,0.136368
36,4,1063.26,1060.05,0.137307
36,5,506.599,508.81,0.126936
36,6,710.592,711.704,0.149261
36,7,1591.02,1595.09,0.126105
36,8,613.338,606.754,0.152453
36,9,1165.86,1160.7,0.132179
36,10,335.319,337.177,0.146693
36,11,910.825,913.538,0.128198
36,12,711.021,714.432,0.126988
36,13,852.467,852.587,0.138729
36,14,1169.01,1167.45,0.125406
36,15,498.573,500.172,0.12585
36,16,851.586,850.773,0.129025
36,17,1563.94,1565.36,0.123464
36,18,953.964,954.695,0.123734
36,19,1030.72,1032.36,0.129114
37,0,809.973,812.038,0.141807
37,1,3451.35,3453.37,0.130519
37,2,1205.86,1211.72,0.142277
37,3,1245.93,1247.41,0.129044
37,4,781.941,782.151,0.143562
37,5,767.954,767.737,0.143007
37,6,831.187,833.87,0.161821
37,7,763.895,766.089,0.168074
37,8,2109.17,2114.99,0.127854
37,9,1618.79,1614.69,0.132918
37,10,484.342,486.305,0.137303
37,11,850.972,848.71,0.163201
37,12,816.029,813.894,0.133482
37,13,1610.84,1617.64,0.131847
37,14,944.652,945.318,0.128536
37,15,788.326,788.079,0.140989
37,16,4199.11,4213.33,0.16067
37,17,1076.01,1073.32,0.128873
37,18,1237.71,1237.43,0.133882
37,19,961.879,960.574,0.12833
38,0,595.841,600.924,0.154149
38,1,690.171,690.893,0.135438
38,2,1401.89,1401.07,0.137193
38,3,4157.19,4156.43,0.136746
38,4,704.897,707.575,0.14052
38,5,1004.6,1000.6,0.139875
38,6,933.911,934.077,0.140483
38,7,1614.48,1610.84,0.133705
38,8,741.919,746.822,0.176498
38,9,1142.29,1141.9,0.130551
38,10,922.551,917.539,0.136305
38,11,1141.3,1136.99,0.136824
38,12,2179.33,2183.22,0.136602
38,13,4007.64,4013.08,0.138251
38,14,3456.06,3462.75,0.135861
38,15,1645.02,1638.13,0.137675
38,16,2330.87,2325.54,0.133152
38,17,1951.62,1946.55,0.139204
38,18,1763.62,1764.97,0.138309
38,19,1895.18,1896.35,0.164691
39,0,3126.57,3132.47,0.139373
39,1,1359.74,1355.09,0.145809
39,2,1589.88,1587.22,0.142749
39,3,952.869,946.971,0.14347
39,4,837.416,837.731,0.157335
39,5,1075.96,1072.19,0.154773
39,6,2823.94,2826.11,0.145923
39,7,1159.12,1160.06,0.14129
39,8,1158.31,1159.12,0.143137
39,9,2123.98,2125.05,0.145098
39,10,3206.4,3213.74,0.181994
39,11,993.77,991.663,0.14275
39,12,3787.6,3787.61,0.146005
39,13,4075.37,4060.72,0.140289
39,14,3061.86,3053.78,0.171146
39,15,764.81,769.059,0.146479
39,16,5944.62,5949.52,0.14219
39,17,852.865,847.068,0.142709
39,18,1657.36,1658.77,0.144729
39,19,1145.53,1149.05,0.141691
40,0,1131.56,1137.86,0.159191
40,1,1254.54,1257.69,0.151179
40,2,4729.97,4729.62,0.147969
40,3,4936.21,4934.7,0.148993
40,4,4119.43,4118.91,0.147585
40,5,3305.2,3304.43,0.153389
40,6,1346.79,1346.3,0.149547
40,7,2908.24,2908.24,0.152356
40,8,1452.99,1452.66,0.149913
40,9,2852.02,2852.16,0.148467
40,10,973.416,973.498,0.14821
40,11,1157.32,1156.87,0.148157
40,12,8983.87,8981.86,0.148005
40,13,1443.01,1443.11,0.154259
40,14,1438.76,1438.4,0.152169
40,15,2331.59,2331.17,0.149564
40,16,2168.83,2168.81,0.149512
40,17,1538.64,1538.28,0.152124
40,18,1044.75,1044.06,0.150959
40,19,1949.45,1949.27,0.153135
41,0,3535.45,3535.59,0.153358
41,1,1539.06,1539.6,0.154791
41,2,6168.67,6167.85,0.159413
41,3,977.992,978.396,0.162883
41,4,5246.31,5246.34,0.157217
41,5,4898.83,4899.19,0.157352
41,6,2366.84,2365.84,0.153257
41,7,4747.47,4747.96,0.153301
41,8,3938.2,3937.31,0.158737
41,9,5968.34,5967.54,0.155785
41,10,4674.61,4674.03,0.155082
41,11,6345.78,6350.33,0.158743
41,12,3646.18,3645.49,0.153357
41,13,3894.36,3892.47,0.152397
41,14,4975.77,4976.44,0.16329
41,15,1629.58,1630.48,0.155964
41,16,6507.43,6507.3,0.148529
41,17,1170.72,1170.86,0.159378
41,18,2614.18,2613.25,0.157714
41,19,2150.57,2150.39,0.155414
42,0,2744.28,2744.26,0.160572
42,1,3686.54,3686.56,0.159527
42,2,7553.17,7551.43,0.161319
42,3,3536.21,3535.26,0.163631
42,4,2321.17,2321.76,0.161458
42,5,5187.49,5187.2,0.158811
42,6,2643.87,2643.18,0.16707
42,7,4107.97,4107.04,0.1614
42,8,1638.19,1637.47,0.163592
42,9,8257.01,8255.1,0.165021
42,10,1946.56,1945.81,0.163423
42,11,12452.6,12449.2,0.163213
42,12,2527.95,2527.8,0.158247
42,13,3632.47,3633.03,0.160843
42,14,3862.2,3862.38,0.160966
42,15,3054.72,3054.2,0.164922
42,16,2670.75,2670.73,0.161661
42,17,3760.39,3759.7,0.1654
42,18,4534.49,4535.08,0.158779
42,19,7721.38,7723.67,0.162502
43,0,4992.21,4993.42,0.167611
43,1,5314.96,5315.84,0.175347
43,2,22611.4,22611.8,0.163805
43,3,3571.92,3571.25,0.171507
43,4,3116.38,3116.31,0.170187
43,5,2941.58,2941.93,0.167973
43,6,6481.64,6481.63,0.17394
43,7,15253.9,15252.1,0.170336
43,8,2696.9,2697.25,0.171246
43,9,4052.76,4053.36,0.16907
43,10,7559.58,7558.72,0.172135
43,11,2247.21,2246.53,0.168347
43,12,4698.69,4698.53,0.169087
43,13,4484.4,4483.54,0.168488
43,14,8618.93,8618.77,0.170602
43,15,2433.55,2433.66,0.170241
43,16,3273.29,3273.02,0.170226
43,17,2513.09,2513.84,0.167528
43,18,2911.68,2910.93,0.165595
43,19,1485.4,1485.02,0.173121
44,0,5272.65,5271.25,0.178341
44,1,8262.54,8263.29,0.176635
44,2,6134,6133.69,0.176245
44,3,4494.34,4494.02,0.177043
44,4,5645.66,5645.33,0.173244
44,5,28195.5,28199.7,0.174122
44,6,22695.4,22697.6,0.179405
44,7,3474.19,3473.76,0.179414
44,8,4478.22,4477.52,0.17723
44,9,2331.16,2331.15,0.177895
44,10,4951.76,4949.02,0.172254
44,11,6762.59,6763.98,0.177798
44,12,9085.8,9087.2,0.171682
44,13,6332.25,6334.28,0.177564
44,14,12320.4,12323.4,0.178242
44,15,9534.65,9537.03,0.176518
44,16,9335.24,9337.28,0.175275
44,17,12930.3,12932.5,0.176177
44,18,7622.38,7624.39,0.173043
