Length,Number, MeanB, MeanBB, MeanD
1,0,-1,-1,0.013432
1,1,-1,-1,0.013121
1,2,-1,-1,0.014284
1,3,-1,-1,0.013107
1,4,-1,-1,0.013052
1,5,-1,-1,0.014443
1,6,-1,-1,0.014226
1,7,-1,-1,0.014158
1,8,-1,-1,0.0141
1,9,-1,-1,0.013033
1,10,-1,-1,0.014135
1,11,-1,-1,0.01421
1,12,-1,-1,0.01322
1,13,-1,-1,0.013117
1,14,-1,-1,0.01404
1,15,-1,-1,0.013116
1,16,-1,-1,0.012959
1,17,-1,-1,0.012901
1,18,-1,-1,0.013891
1,19,-1,-1,0.013056
2,0,-1,-1,0.008854
2,1,-1,-1,0.0088085
2,2,-1,-1,0.020892
2,3,-1,-1,0.0087245
2,4,-1,-1,0.0094585
2,5,-1,-1,0.0092725
2,6,-1,-1,0.008872
2,7,-1,-1,0.0095785
2,8,-1,-1,0.009277
2,9,-1,-1,0.009328
2,10,-1,-1,0.008729
2,11,-1,-1,0.0092135
2,12,-1,-1,0.0092985
2,13,-1,-1,0.0092325
2,14,-1,-1,0.008663
2,15,-1,-1,0.0087725
2,16,-1,-1,0.009221
2,17,-1,-1,0.009422
2,18,-1,-1,0.0087735
2,19,-1,-1,0.0092905
3,0,-1,-1,0.00775267
3,1,-1,-1,0.00806533
3,2,-1,-1,0.00780567
3,3,-1,-1,0.009866
3,4,-1,-1,0.00827833
3,5,-1,-1,0.00782267
3,6,-1,-1,0.007696
3,7,-1,-1,0.00818767
3,8,-1,-1,0.00819567
3,9,-1,-1,0.00824567
3,10,-1,-1,0.00817067
3,11,-1,-1,0.00815367
3,12,-1,-1,0.00809333
3,13,-1,-1,0.00774133
3,14,-1,-1,0.00816833
3,15,-1,-1,0.008272
3,16,-1,-1,0.008126
3,17,-1,-1,0.008194
3,18,-1,-1,0.00814267
3,19,-1,-1,0.00768067
4,0,-1,-1,0.007808
4,1,-1,-1,0.00748875
4,2,-1,-1,0.00766725
4,3,-1,-1,0.007435
4,4,-1,-1,0.007784
4,5,-1,-1,0.0074945
4,6,-1,-1,0.00777
4,7,-1,-1,0.00773
4,8,-1,-1,0.007534
4,9,-1,-1,0.0074715
4,10,-1,-1,0.007879
4,11,-1,-1,0.00778
4,12,-1,-1,0.00777775
4,13,-1,-1,0.00787325
4,14,-1,-1,0.00758075
4,15,-1,-1,0.0076275
4,16,-1,-1,0.0105412
4,17,-1,-1,0.010585
4,18,-1,-1,0.00758975
4,19,-1,-1,0.00847025
5,0,-1,-1,0.0079036
5,1,-1,-1,0.0082288
5,2,-1,-1,0.007925
5,3,-1,-1,0.0079544
5,4,-1,-1,0.0079462
5,5,-1,-1,0.0082296
5,6,-1,-1,0.0081354
5,7,-1,-1,0.0082552
5,8,-1,-1,0.0079978
5,9,-1,-1,0.008213
5,10,-1,-1,0.0079146
5,11,-1,-1,0.0079676
5,12,-1,-1,0.0081636
5,13,-1,-1,0.0079814
5,14,-1,-1,0.0082198
5,15,-1,-1,0.0081726
5,16,-1,-1,0.008246
5,17,-1,-1,0.007978
5,18,-1,-1,0.0079372
5,19,-1,-1,0.0081946
6,0,-1,-1,0.00864083
6,1,-1,-1,0.0086655
6,2,-1,-1,0.00877633
6,3,-1,-1,0.00853283
6,4,-1,-1,0.00866033
6,5,-1,-1,0.00868017
6,6,-1,-1,0.008768
6,7,-1,-1,0.00846817
6,8,-1,-1,0.00862633
6,9,-1,-1,0.008534
6,10,-1,-1,0.00839433
6,11,-1,-1,0.00866517
6,12,-1,-1,0.00844167
6,13,-1,-1,0.008483
6,14,-1,-1,0.0084555
6,15,-1,-1,0.008441
6,16,-1,-1,0.0126945
6,17,-1,-1,0.00841183
6,18,-1,-1,0.008647
6,19,-1,-1,0.00864967
7,0,-1,-1,0.00919529
7,1,-1,-1,0.009175
7,2,-1,-1,0.00945429
7,3,-1,-1,0.00918657
7,4,-1,-1,0.00935657
7,5,-1,-1,0.00915943
7,6,-1,-1,0.00928129
7,7,-1,-1,0.00935057
7,8,-1,-1,0.00940729
7,9,-1,-1,0.00938729
7,10,-1,-1,0.00940871
7,11,-1,-1,0.00924671
7,12,-1,-1,0.00917943
7,13,-1,-1,0.009209
7,14,-1,-1,0.009177
7,15,-1,-1,0.00915014
7,16,-1,-1,0.00931157
7,17,-1,-1,0.00916986
7,18,-1,-1,0.00935771
7,19,-1,-1,0.00910071
8,0,-1,-1,0.0103913
8,1,-1,-1,0.010574
8,2,-1,-1,0.0105405
8,3,-1,-1,0.0104956
8,4,-1,-1,0.0104444
8,5,-1,-1,0.0106541
8,6,-1,-1,0.0105745
8,7,-1,-1,0.0106585
8,8,-1,-1,0.0125089
8,9,-1,-1,0.0109042
8,10,-1,-1,0.0105124
8,11,-1,-1,0.0104459
8,12,-1,-1,0.0162819
8,13,-1,-1,0.0105864
8,14,-1,-1,0.0105824
8,15,-1,-1,0.0105951
8,16,-1,-1,0.012433
8,17,-1,-1,0.0104841
8,18,-1,-1,0.0106644
8,19,-1,-1,0.01067
9,0,-1,-1,0.0120659
9,1,-1,-1,0.011967
9,2,-1,-1,0.0120818
9,3,-1,-1,0.0120083
9,4,-1,-1,0.011848
9,5,-1,-1,0.0121024
9,6,-1,-1,0.0118592
9,7,-1,-1,0.0118753
9,8,-1,-1,0.0120163
9,9,-1,-1,0.0120884
9,10,-1,-1,0.0119854
9,11,-1,-1,0.0118647
9,12,-1,-1,0.0119196
9,13,-1,-1,0.0118986
9,14,-1,-1,0.0120827
9,15,-1,-1,0.0127041
9,16,-1,-1,0.0119646
9,17,-1,-1,0.0120332
9,18,-1,-1,0.0119596
9,19,-1,-1,0.0121192
10,0,-1,-1,0.0136604
10,1,-1,-1,0.0137941
10,2,-1,-1,0.0139288
10,3,-1,-1,0.0136008
10,4,-1,-1,0.0137396
10,5,-1,-1,0.0136853
10,6,-1,-1,0.0138383
10,7,-1,-1,0.0138147
10,8,-1,-1,0.0137377
10,9,-1,-1,0.0137962
10,10,-1,-1,0.0138477
10,11,-1,-1,0.013751
10,12,-1,-1,0.0137836
10,13,-1,-1,0.0136854
10,14,-1,-1,0.0138221
10,15,-1,-1,0.016428
10,16,-1,-1,0.013618
10,17,-1,-1,0.0138527
10,18,-1,-1,0.0137754
10,19,-1,-1,0.0136579
11,0,-1,-1,0.015666
11,1,-1,-1,0.0155813
11,2,-1,-1,0.0156032
11,3,-1,-1,0.0157141
11,4,-1,-1,0.0156386
11,5,-1,-1,0.0156317
11,6,-1,-1,0.0155128
11,7,-1,-1,0.0155777
11,8,-1,-1,0.0157106
11,9,-1,-1,0.0156328
11,10,-1,-1,0.0155611
11,11,-1,-1,0.0156502
11,12,-1,-1,0.0155582
11,13,-1,-1,0.015624
11,14,-1,-1,0.0155479
11,15,-1,-1,0.0156853
11,16,-1,-1,0.0156614
11,17,-1,-1,0.0156722
11,18,-1,-1,0.0157695
11,19,-1,-1,0.0155298
12,0,-1,-1,0.0174837
12,1,-1,-1,0.0174513
12,2,-1,-1,0.0173449
12,3,-1,-1,0.0174502
12,4,-1,-1,0.0181808
12,5,-1,-1,0.0189237
12,6,-1,-1,0.01747
12,7,-1,-1,0.0183536
12,8,-1,-1,0.017941
12,9,-1,-1,0.0172964
12,10,-1,-1,0.0173033
12,11,-1,-1,0.0175362
12,12,-1,-1,0.017427
12,13,-1,-1,0.0174929
12,14,-1,-1,0.0174717
12,15,-1,-1,0.0255543
12,16,-1,-1,0.017494
12,17,-1,-1,0.0173866
12,18,-1,-1,0.0174628
12,19,-1,-1,0.0174336
13,0,-1,-1,0.0201454
13,1,-1,-1,0.0200875
13,2,-1,-1,0.0200595
13,3,-1,-1,0.0201114
13,4,-1,-1,0.020089
13,5,-1,-1,0.0201865
13,6,-1,-1,0.02005
13,7,-1,-1,0.0199882
13,8,-1,-1,0.0220217
13,9,-1,-1,0.0201258
13,10,-1,-1,0.0200893
13,11,-1,-1,0.02002
13,12,-1,-1,0.0200495
13,13,-1,-1,0.0199765
13,14,-1,-1,0.0199609
13,15,-1,-1,0.0200116
13,16,-1,-1,0.0201255
13,17,-1,-1,0.0320033
13,18,-1,-1,0.0200572
13,19,-1,-1,0.0200539
14,0,-1,-1,0.0222868
14,1,-1,-1,0.0222288
14,2,-1,-1,0.0223298
14,3,-1,-1,0.0226249
14,4,-1,-1,0.0224073
14,5,-1,-1,0.0223598
14,6,-1,-1,0.0223481
14,7,-1,-1,0.0222763
14,8,-1,-1,0.0223537
14,9,-1,-1,0.0223175
14,10,-1,-1,0.022213
14,11,-1,-1,0.0223255
14,12,-1,-1,0.0223734
14,13,-1,-1,0.0223134
14,14,-1,-1,0.0223409
14,15,-1,-1,0.0222224
14,16,-1,-1,0.0222479
14,17,-1,-1,0.0222947
14,18,-1,-1,0.0236858
14,19,-1,-1,0.0223489
15,0,-1,-1,0.0246202
15,1,-1,-1,0.0246432
15,2,-1,-1,0.0246318
15,3,-1,-1,0.0251939
15,4,-1,-1,0.0246356
15,5,-1,-1,0.0246885
15,6,-1,-1,0.0245691
15,7,-1,-1,0.0246793
15,8,-1,-1,0.0246498
15,9,-1,-1,0.0252712
15,10,-1,-1,0.0247219
15,11,-1,-1,0.0246074
15,12,-1,-1,0.0246344
15,13,-1,-1,0.03576
15,14,-1,-1,0.0247802
15,15,-1,-1,0.0245514
15,16,-1,-1,0.0296999
15,17,-1,-1,0.0247521
15,18,-1,-1,0.0246087
15,19,-1,-1,0.0246763
16,0,-1,-1,0.0270324
16,1,-1,-1,0.0269909
16,2,-1,-1,0.0269928
16,3,-1,-1,0.0279407
16,4,-1,-1,0.0270963
16,5,-1,-1,0.0272893
16,6,-1,-1,0.0270179
16,7,-1,-1,0.0269509
16,8,-1,-1,0.0269652
16,9,-1,-1,0.0270209
16,10,-1,-1,0.0272482
16,11,-1,-1,0.0270299
16,12,-1,-1,0.0277893
16,13,-1,-1,0.0269179
16,14,-1,-1,0.0270951
16,15,-1,-1,0.0270091
16,16,-1,-1,0.0270293
16,17,-1,-1,0.0270348
16,18,-1,-1,0.0270431
16,19,-1,-1,0.0269896
17,0,-1,-1,0.0301118
17,1,-1,-1,0.0300448
17,2,-1,-1,0.0300613
17,3,-1,-1,0.0317319
17,4,-1,-1,0.0300808
17,5,-1,-1,0.0305002
17,6,-1,-1,0.0300836
17,7,-1,-1,0.0310933
17,8,-1,-1,0.0301789
17,9,-1,-1,0.0305294
17,10,-1,-1,0.0303081
17,11,-1,-1,0.0301865
17,12,-1,-1,0.0315353
17,13,-1,-1,0.0302177
17,14,-1,-1,0.0301248
17,15,-1,-1,0.0302084
17,16,-1,-1,0.0302355
17,17,-1,-1,0.0301454
17,18,-1,-1,0.0301183
17,19,-1,-1,0.0302022
18,0,-1,-1,0.0326302
18,1,-1,-1,0.032645
18,2,-1,-1,0.0340019
18,3,-1,-1,0.0328066
18,4,-1,-1,0.0330649
18,5,-1,-1,0.0326787
18,6,-1,-1,0.0334537
18,7,-1,-1,0.0326728
18,8,-1,-1,0.0328973
18,9,-1,-1,0.0326348
18,10,-1,-1,0.0476034
18,11,-1,-1,0.0661723
18,12,-1,-1,0.0331386
18,13,-1,-1,0.0326861
18,14,-1,-1,0.0326545
18,15,-1,-1,0.0326869
18,16,-1,-1,0.0336554
18,17,-1,-1,0.032624
18,18,-1,-1,0.0331896
18,19,-1,-1,0.0329119
19,0,-1,-1,0.0353795
19,1,-1,-1,0.0353037
19,2,-1,-1,0.0363967
19,3,-1,-1,0.0354014
19,4,-1,-1,0.0353676
19,5,-1,-1,0.0354152
19,6,-1,-1,0.0353436
19,7,-1,-1,0.0353401
19,8,-1,-1,0.0356069
19,9,-1,-1,0.0355993
19,10,-1,-1,0.0361323
19,11,-1,-1,0.0357735
19,12,-1,-1,0.0355171
19,13,-1,-1,0.0354301
19,14,-1,-1,0.035491
19,15,-1,-1,0.0354913
19,16,-1,-1,0.0354322
19,17,-1,-1,0.0353774
19,18,-1,-1,0.0353976
19,19,-1,-1,0.0354176
20,0,-1,-1,0.0382079
20,1,-1,-1,0.0622809
20,2,-1,-1,0.0384276
20,3,-1,-1,0.0386879
20,4,-1,-1,0.0458934
20,5,-1,-1,0.0381341
20,6,-1,-1,0.0381636
20,7,-1,-1,0.0381747
20,8,-1,-1,0.0382046
20,9,-1,-1,0.0382384
20,10,-1,-1,0.0381417
20,11,-1,-1,0.0382271
20,12,-1,-1,0.0384653
20,13,-1,-1,0.0382682
20,14,-1,-1,0.0385674
20,15,-1,-1,0.0388045
20,16,-1,-1,0.0392186
20,17,-1,-1,0.0393501
20,18,-1,-1,0.0383654
20,19,-1,-1,0.0382033
21,0,-1,-1,0.0487469
21,1,-1,-1,0.0411859
21,2,-1,-1,0.0420877
21,3,-1,-1,0.0411159
21,4,-1,-1,0.041052
21,5,-1,-1,0.0410962
21,6,-1,-1,0.041228
21,7,-1,-1,0.041361
21,8,-1,-1,0.0411074
21,9,-1,-1,0.0412396
21,10,-1,-1,0.0410045
21,11,-1,-1,0.0421127
21,12,-1,-1,0.0410735
21,13,-1,-1,0.0410705
21,14,-1,-1,0.0411082
21,15,-1,-1,0.0412176
21,16,-1,-1,0.0411269
21,17,-1,-1,0.0410779
21,18,-1,-1,0.0414099
21,19,-1,-1,0.0410378
22,0,-1,-1,0.0447113
22,1,-1,-1,0.044041
22,2,-1,-1,0.044055
22,3,-1,-1,0.0441445
22,4,-1,-1,0.0587573
22,5,-1,-1,0.0449259
22,6,-1,-1,0.0441857
22,7,-1,-1,0.0443927
22,8,-1,-1,0.0441355
22,9,-1,-1,0.0441808
22,10,-1,-1,0.0449456
22,11,-1,-1,0.0443071
22,12,-1,-1,0.0442463
22,13,-1,-1,0.0441437
22,14,-1,-1,0.0458374
22,15,-1,-1,0.044514
22,16,-1,-1,0.0441022
22,17,-1,-1,0.0451065
22,18,-1,-1,0.0585804
22,19,-1,-1,0.0450944
23,0,-1,-1,0.0479934
23,1,-1,-1,0.0472854
23,2,-1,-1,0.04716
23,3,-1,-1,0.0472495
23,4,-1,-1,0.0472812
23,5,-1,-1,0.0604138
23,6,-1,-1,0.0519266
23,7,-1,-1,0.0473433
23,8,-1,-1,0.047318
23,9,-1,-1,0.0473183
23,10,-1,-1,0.047258
23,11,-1,-1,0.047864
23,12,-1,-1,0.0479792
23,13,-1,-1,0.047401
23,14,-1,-1,0.0478818
23,15,-1,-1,0.0472233
23,16,-1,-1,0.0474587
23,17,-1,-1,0.0472891
23,18,-1,-1,0.0472667
23,19,-1,-1,0.0480879
24,0,-1,-1,0.0504973
24,1,-1,-1,0.0505286
24,2,-1,-1,0.0510955
24,3,-1,-1,0.0506319
24,4,-1,-1,0.0505122
24,5,-1,-1,0.0510263
24,6,-1,-1,0.0511036
24,7,-1,-1,0.0512035
24,8,-1,-1,0.0515819
24,9,-1,-1,0.0505431
24,10,-1,-1,0.050574
24,11,-1,-1,0.0507366
24,12,-1,-1,0.0529163
24,13,-1,-1,0.0506753
24,14,-1,-1,0.0509336
24,15,-1,-1,0.0505181
24,16,-1,-1,0.0505863
24,17,-1,-1,0.050913
24,18,-1,-1,0.0523723
24,19,-1,-1,0.050655
25,0,-1,-1,0.0540784
25,1,-1,-1,0.054916
25,2,-1,-1,0.0539767
25,3,-1,-1,0.0542825
25,4,-1,-1,0.0539847
25,5,-1,-1,0.0539164
25,6,-1,-1,0.0853431
25,7,-1,-1,0.0559717
25,8,-1,-1,0.0541985
25,9,-1,-1,0.0539486
25,10,-1,-1,0.0549991
25,11,-1,-1,0.0544603
25,12,-1,-1,0.0543094
25,13,-1,-1,0.0547463
25,14,-1,-1,0.0543234
25,15,-1,-1,0.0539861
25,16,-1,-1,0.0540375
25,17,-1,-1,0.0542941
25,18,-1,-1,0.0541894
25,19,-1,-1,0.0539483
26,0,-1,-1,0.0579304
26,1,-1,-1,0.0574717
26,2,-1,-1,0.0576628
26,3,-1,-1,0.0575104
26,4,-1,-1,0.064882
26,5,-1,-1,0.0575502
26,6,-1,-1,0.057451
26,7,-1,-1,0.0580727
26,8,-1,-1,0.058432
26,9,-1,-1,0.0575083
26,10,-1,-1,0.0574286
26,11,-1,-1,0.0580303
26,12,-1,-1,0.057499
26,13,-1,-1,0.0574944
26,14,-1,-1,0.0593256
26,15,-1,-1,0.0591379
26,16,-1,-1,0.0575382
26,17,-1,-1,0.057664
26,18,-1,-1,0.0576506
26,19,-1,-1,0.0580892
27,0,-1,-1,0.0612493
27,1,-1,-1,0.0611164
27,2,-1,-1,0.0613299
27,3,-1,-1,0.0814797
27,4,-1,-1,0.0617395
27,5,-1,-1,0.0611814
27,6,-1,-1,0.0611783
27,7,-1,-1,0.061394
27,8,-1,-1,0.0616469
27,9,-1,-1,0.0615062
27,10,-1,-1,0.0611679
27,11,-1,-1,0.0611176
27,12,-1,-1,0.0613157
27,13,-1,-1,0.0621831
27,14,-1,-1,0.0612135
27,15,-1,-1,0.0611526
27,16,-1,-1,0.0617223
27,17,-1,-1,0.0616622
27,18,-1,-1,0.061346
27,19,-1,-1,0.0611947
28,0,-1,-1,0.0661915
28,1,-1,-1,0.0652449
28,2,-1,-1,0.0652697
28,3,-1,-1,0.0651359
28,4,-1,-1,0.0737644
28,5,-1,-1,0.0649573
28,6,-1,-1,0.0650514
28,7,-1,-1,0.0652642
28,8,-1,-1,0.0658525
28,9,-1,-1,0.0655492
28,10,-1,-1,0.0648965
28,11,-1,-1,0.0649517
28,12,-1,-1,0.0649671
28,13,-1,-1,0.0652774
28,14,-1,-1,0.0655454
28,15,-1,-1,0.0649059
28,16,-1,-1,0.0706796
28,17,-1,-1,0.0650477
28,18,-1,-1,0.0649877
28,19,-1,-1,0.065626
29,0,-1,-1,0.0692373
29,1,-1,-1,0.0688304
29,2,-1,-1,0.0689127
29,3,-1,-1,0.0689137
29,4,-1,-1,0.0693463
29,5,-1,-1,0.0703185
29,6,-1,-1,0.0694361
29,7,-1,-1,0.069554
29,8,-1,-1,0.0688372
29,9,-1,-1,0.0752093
29,10,-1,-1,0.0708319
29,11,-1,-1,0.0688985
29,12,-1,-1,0.0693469
29,13,-1,-1,0.0690531
29,14,-1,-1,0.0964909
29,15,-1,-1,0.0760711
29,16,-1,-1,0.0699947
29,17,-1,-1,0.069338
29,18,-1,-1,0.0688733
29,19,-1,-1,0.0691441
30,0,-1,-1,0.0732326
30,1,-1,-1,0.0732654
30,2,-1,-1,0.0738544
30,3,-1,-1,0.0746439
30,4,-1,-1,0.0735104
30,5,-1,-1,0.0736023
30,6,-1,-1,0.0910224
30,7,-1,-1,0.0739057
30,8,-1,-1,0.0735234
30,9,-1,-1,0.0736093
30,10,-1,-1,0.0733007
30,11,-1,-1,0.073374
30,12,-1,-1,0.101004
30,13,-1,-1,0.0732511
30,14,-1,-1,0.0734166
30,15,-1,-1,0.0735074
30,16,-1,-1,0.073195
30,17,-1,-1,0.0795382
30,18,-1,-1,0.0737251
30,19,-1,-1,0.0732556
31,0,-1,-1,0.0779175
31,1,-1,-1,0.0947557
31,2,-1,-1,0.0786973
31,3,-1,-1,0.0774199
31,4,-1,-1,0.0777665
31,5,-1,-1,0.0776901
31,6,-1,-1,0.0778285
31,7,-1,-1,0.0778906
31,8,-1,-1,0.077698
31,9,-1,-1,0.0801899
31,10,-1,-1,0.0807133
31,11,-1,-1,0.0777589
31,12,-1,-1,0.0778362
31,13,-1,-1,0.0848824
31,14,-1,-1,0.0777338
31,15,-1,-1,0.0780097
31,16,-1,-1,0.0777082
31,17,-1,-1,0.0781662
31,18,-1,-1,0.0780176
31,19,-1,-1,0.0777575
32,0,-1,-1,0.0823427
32,1,-1,-1,0.0821869
32,2,-1,-1,0.082082
32,3,-1,-1,0.0822273
32,4,-1,-1,0.0822323
32,5,-1,-1,0.0818665
32,6,-1,-1,0.09754
32,7,-1,-1,0.0826627
32,8,-1,-1,0.0824181
32,9,-1,-1,0.0819614
32,10,-1,-1,0.0823194
32,11,-1,-1,0.0818351
32,12,-1,-1,0.0820443
32,13,-1,-1,0.0817825
32,14,-1,-1,0.0824393
32,15,-1,-1,0.0820488
32,16,-1,-1,0.0822397
32,17,-1,-1,0.0820403
32,18,-1,-1,0.0831858
32,19,-1,-1,0.0882372
33,0,-1,-1,0.0861413
33,1,-1,-1,0.0860215
33,2,-1,-1,0.0867354
33,3,-1,-1,0.0892135
33,4,-1,-1,0.0879632
33,5,-1,-1,0.0867839
33,6,-1,-1,0.0871043
33,7,-1,-1,0.0864689
33,8,-1,-1,0.0869217
33,9,-1,-1,0.11062
33,10,-1,-1,0.0860481
33,11,-1,-1,0.0892797
33,12,-1,-1,0.0877352
33,13,-1,-1,0.0865467
33,14,-1,-1,0.0866741
33,15,-1,-1,0.0865245
33,16,-1,-1,0.0864096
33,17,-1,-1,0.0878881
33,18,-1,-1,0.0864727
33,19,-1,-1,0.0865255
34,0,-1,-1,0.0905571
34,1,-1,-1,0.0906713
34,2,-1,-1,0.0977081
34,3,-1,-1,0.105823
34,4,-1,-1,0.0923317
34,5,-1,-1,0.0910132
34,6,-1,-1,0.0911282
34,7,-1,-1,0.0911391
34,8,-1,-1,0.0911098
34,9,-1,-1,0.0909391
34,10,-1,-1,0.0968531
34,11,-1,-1,0.0923223
34,12,-1,-1,0.0906044
34,13,-1,-1,0.0914681
34,14,-1,-1,0.0916437
34,15,-1,-1,0.0908708
34,16,-1,-1,0.0907935
34,17,-1,-1,0.090896
34,18,-1,-1,0.0909516
34,19,-1,-1,0.0906975
35,0,-1,-1,0.0956155
35,1,-1,-1,0.0955703
35,2,-1,-1,0.0957389
35,3,-1,-1,0.095623
35,4,-1,-1,0.0957517
35,5,-1,-1,0.0996167
35,6,-1,-1,0.0991613
35,7,-1,-1,0.0958797
35,8,-1,-1,0.0956707
35,9,-1,-1,0.0957913
35,10,-1,-1,0.0961993
35,11,-1,-1,0.0963741
35,12,-1,-1,0.0959824
35,13,-1,-1,0.0953007
35,14,-1,-1,0.0957864
35,15,-1,-1,0.0963491
35,16,-1,-1,0.096871
35,17,-1,-1,0.0963858
35,18,-1,-1,0.0952441
35,19,-1,-1,0.0955939
36,0,-1,-1,0.100396
36,1,-1,-1,0.100428
36,2,-1,-1,0.100514
36,3,-1,-1,0.100248
36,4,-1,-1,0.100487
36,5,-1,-1,0.100753
36,6,-1,-1,0.102449
36,7,-1,-1,0.115509
36,8,-1,-1,0.100431
36,9,-1,-1,0.100335
36,10,-1,-1,0.100587
36,11,-1,-1,0.100508
36,12,-1,-1,0.102509
36,13,-1,-1,0.100425
36,14,-1,-1,0.100416
36,15,-1,-1,0.100444
36,16,-1,-1,0.100267
36,17,-1,-1,0.100368
36,18,-1,-1,0.100729
36,19,-1,-1,0.104759
37,0,-1,-1,0.105386
37,1,-1,-1,0.105534
37,2,-1,-1,0.107691
37,3,-1,-1,0.10523
37,4,-1,-1,0.11116
37,5,-1,-1,0.106505
37,6,-1,-1,0.107571
37,7,-1,-1,0.105411
37,8,-1,-1,0.105394
37,9,-1,-1,0.105256
37,10,-1,-1,0.105821
37,11,-1,-1,0.110823
37,12,-1,-1,0.106638
37,13,-1,-1,0.105329
37,14,-1,-1,0.110563
37,15,-1,-1,0.105234
37,16,-1,-1,0.105636
37,17,-1,-1,0.110179
37,18,-1,-1,0.105216
37,19,-1,-1,0.106052
38,0,-1,-1,0.111376
38,1,-1,-1,0.110233
38,2,-1,-1,0.11055
38,3,-1,-1,0.110723
38,4,-1,-1,0.110505
38,5,-1,-1,0.117043
38,6,-1,-1,0.110419
38,7,-1,-1,0.110502
38,8,-1,-1,0.11035
38,9,-1,-1,0.111261
38,10,-1,-1,0.111348
38,11,-1,-1,0.110451
38,12,-1,-1,0.110684
38,13,-1,-1,0.110646
38,14,-1,-1,0.110786
38,15,-1,-1,0.110191
38,16,-1,-1,0.110377
38,17,-1,-1,0.110515
38,18,-1,-1,0.110492
38,19,-1,-1,0.110192
39,0,-1,-1,0.115678
39,1,-1,-1,0.115451
39,2,-1,-1,0.115296
39,3,-1,-1,0.133897
39,4,-1,-1,0.176411
39,5,-1,-1,0.116173
39,6,-1,-1,0.11557
39,7,-1,-1,0.11558
39,8,-1,-1,0.118111
39,9,-1,-1,0.11541
39,10,-1,-1,0.121278
39,11,-1,-1,0.115533
39,12,-1,-1,0.115542
39,13,-1,-1,0.115307
39,14,-1,-1,0.115575
39,15,-1,-1,0.11546
39,16,-1,-1,0.117953
39,17,-1,-1,0.115403
39,18,-1,-1,0.115694
39,19,-1,-1,0.115384
40,0,-1,-1,0.140117
40,1,-1,-1,0.123636
40,2,-1,-1,0.121679
40,3,-1,-1,0.121197
40,4,-1,-1,0.120864
40,5,-1,-1,0.120843
40,6,-1,-1,0.12088
40,7,-1,-1,0.125198
40,8,-1,-1,0.1225
40,9,-1,-1,0.120928
40,10,-1,-1,0.120781
40,11,-1,-1,0.121257
40,12,-1,-1,0.122142
40,13,-1,-1,0.120734
40,14,-1,-1,0.120628
40,15,-1,-1,0.120944
40,16,-1,-1,0.12144
40,17,-1,-1,0.122817
40,18,-1,-1,0.120628
40,19,-1,-1,0.121108
41,0,-1,-1,0.128532
41,1,-1,-1,0.126167
41,2,-1,-1,0.137984
41,3,-1,-1,0.126356
41,4,-1,-1,0.126037
41,5,-1,-1,0.126276
41,6,-1,-1,0.127753
41,7,-1,-1,0.125925
41,8,-1,-1,0.126097
41,9,-1,-1,0.126172
41,10,-1,-1,0.126027
41,11,-1,-1,0.126445
41,12,-1,-1,0.133843
41,13,-1,-1,0.126527
41,14,-1,-1,0.127787
41,15,-1,-1,0.126584
41,16,-1,-1,0.131385
41,17,-1,-1,0.130835
41,18,-1,-1,0.12637
41,19,-1,-1,0.126465
42,0,-1,-1,0.132513
42,1,-1,-1,0.137054
42,2,-1,-1,0.131846
42,3,-1,-1,0.13394
42,4,-1,-1,0.132062
42,5,-1,-1,0.132051
42,6,-1,-1,0.132025
42,7,-1,-1,0.133301
42,8,-1,-1,0.133313
42,9,-1,-1,0.132091
42,10,-1,-1,0.137546
42,11,-1,-1,0.132771
42,12,-1,-1,0.13211
42,13,-1,-1,0.132704
42,14,-1,-1,0.131577
42,15,-1,-1,0.134734
42,16,-1,-1,0.131328
42,17,-1,-1,0.132188
42,18,-1,-1,0.131788
42,19,-1,-1,0.131642
43,0,-1,-1,0.138284
43,1,-1,-1,0.137474
43,2,-1,-1,0.1387
43,3,-1,-1,0.138822
43,4,-1,-1,0.144352
43,5,-1,-1,0.137432
43,6,-1,-1,0.139026
43,7,-1,-1,0.137461
43,8,-1,-1,0.14221
43,9,-1,-1,0.137939
43,10,-1,-1,0.137131
43,11,-1,-1,0.137099
43,12,-1,-1,0.137504
43,13,-1,-1,0.138461
43,14,-1,-1,0.137367
43,15,-1,-1,0.137398
43,16,-1,-1,0.147037
43,17,-1,-1,0.170833
43,18,-1,-1,0.137504
43,19,-1,-1,0.142044
44,0,-1,-1,0.14314
44,1,-1,-1,0.143642
44,2,-1,-1,0.143232
44,3,-1,-1,0.14384
44,4,-1,-1,0.142997
44,5,-1,-1,0.147796
44,6,-1,-1,0.147365
44,7,-1,-1,0.143826
44,8,-1,-1,0.146351
44,9,-1,-1,0.156534
44,10,-1,-1,0.147819
44,11,-1,-1,0.143181
44,12,-1,-1,0.144803
44,13,-1,-1,0.143739
44,14,-1,-1,0.144234
44,15,-1,-1,0.143198
44,16,-1,-1,0.143119
44,17,-1,-1,0.142837
44,18,-1,-1,0.143201
44,19,-1,-1,0.143053
45,0,-1,-1,0.148868
45,1,-1,-1,0.148748
45,2,-1,-1,0.155594
45,3,-1,-1,0.149569
45,4,-1,-1,0.150422
45,5,-1,-1,0.149072
45,6,-1,-1,0.150371
45,7,-1,-1,0.149072
45,8,-1,-1,0.149165
45,9,-1,-1,0.148955
45,10,-1,-1,0.154284
45,11,-1,-1,0.149365
45,12,-1,-1,0.148795
45,13,-1,-1,0.148817
45,14,-1,-1,0.154461
45,15,-1,-1,0.149488
45,16,-1,-1,0.153195
45,17,-1,-1,0.149191
45,18,-1,-1,0.153564
45,19,-1,-1,0.149501
46,0,-1,-1,0.155087
46,1,-1,-1,0.154892
46,2,-1,-1,0.159746
46,3,-1,-1,0.155407
46,4,-1,-1,0.155051
46,5,-1,-1,0.154853
46,6,-1,-1,0.154925
46,7,-1,-1,0.158679
46,8,-1,-1,0.155828
46,9,-1,-1,0.154915
46,10,-1,-1,0.155458
46,11,-1,-1,0.155142
46,12,-1,-1,0.154743
46,13,-1,-1,0.155568
46,14,-1,-1,0.154947
46,15,-1,-1,0.155393
46,16,-1,-1,0.15503
46,17,-1,-1,0.155108
46,18,-1,-1,0.157752
46,19,-1,-1,0.15636
47,0,-1,-1,0.168228
47,1,-1,-1,0.161166
47,2,-1,-1,0.162473
47,3,-1,-1,0.162145
47,4,-1,-1,0.172521
47,5,-1,-1,0.161138
47,6,-1,-1,0.16188
47,7,-1,-1,0.161094
47,8,-1,-1,0.180261
47,9,-1,-1,0.161084
47,10,-1,-1,0.163934
47,11,-1,-1,0.163321
47,12,-1,-1,0.161179
47,13,-1,-1,0.161269
47,14,-1,-1,0.161598
47,15,-1,-1,0.162242
47,16,-1,-1,0.161215
47,17,-1,-1,0.161313
47,18,-1,-1,0.162145
47,19,-1,-1,0.161625
48,0,-1,-1,0.167301
48,1,-1,-1,0.170234
48,2,-1,-1,0.168621
48,3,-1,-1,0.167374
48,4,-1,-1,0.167732
48,5,-1,-1,0.168936
48,6,-1,-1,0.16749
48,7,-1,-1,0.167583
48,8,-1,-1,0.169191
48,9,-1,-1,0.167629
48,10,-1,-1,0.167669
48,11,-1,-1,0.167507
48,12,-1,-1,0.21295
48,13,-1,-1,0.167618
48,14,-1,-1,0.171295
48,15,-1,-1,0.168001
48,16,-1,-1,0.173532
48,17,-1,-1,0.167933
48,18,-1,-1,0.167712
48,19,-1,-1,0.168661
49,0,-1,-1,0.174489
49,1,-1,-1,0.173646
49,2,-1,-1,0.191028
49,3,-1,-1,0.254999
49,4,-1,-1,0.174808
49,5,-1,-1,0.174251
49,6,-1,-1,0.174253
49,7,-1,-1,0.174201
49,8,-1,-1,0.175124
49,9,-1,-1,0.174699
49,10,-1,-1,0.173599
49,11,-1,-1,0.173644
49,12,-1,-1,0.176638
49,13,-1,-1,0.174217
49,14,-1,-1,0.177788
49,15,-1,-1,0.173995
49,16,-1,-1,0.174694
49,17,-1,-1,0.174326
49,18,-1,-1,0.17875
49,19,-1,-1,0.173751
50,0,-1,-1,0.18004
50,1,-1,-1,0.198224
50,2,-1,-1,0.180277
50,3,-1,-1,0.20053
50,4,-1,-1,0.180443
50,5,-1,-1,0.180775
50,6,-1,-1,0.180016
50,7,-1,-1,0.184992
50,8,-1,-1,0.180321
50,9,-1,-1,0.180179
50,10,-1,-1,0.180724
50,11,-1,-1,0.182533
50,12,-1,-1,0.180192
50,13,-1,-1,0.2389
50,14,-1,-1,0.181576
50,15,-1,-1,0.180177
50,16,-1,-1,0.180796
50,17,-1,-1,0.180191
50,18,-1,-1,0.180234
50,19,-1,-1,0.180184
51,0,-1,-1,0.188639
51,1,-1,-1,0.187922
51,2,-1,-1,0.18688
51,3,-1,-1,0.206242
51,4,-1,-1,0.189588
51,5,-1,-1,0.188643
51,6,-1,-1,0.187005
51,7,-1,-1,0.186821
51,8,-1,-1,0.192757
51,9,-1,-1,0.187185
51,10,-1,-1,0.186778
51,11,-1,-1,0.187064
51,12,-1,-1,0.189025
51,13,-1,-1,0.196589
51,14,-1,-1,0.207541
51,15,-1,-1,0.18699
51,16,-1,-1,0.187002
51,17,-1,-1,0.186736
51,18,-1,-1,0.18775
51,19,-1,-1,0.187389
52,0,-1,-1,0.19376
52,1,-1,-1,0.197505
52,2,-1,-1,0.197696
52,3,-1,-1,0.201346
52,4,-1,-1,0.193623
52,5,-1,-1,0.199436
52,6,-1,-1,0.195341
52,7,-1,-1,0.193876
52,8,-1,-1,0.200482
52,9,-1,-1,0.193558
52,10,-1,-1,0.194974
52,11,-1,-1,0.194433
52,12,-1,-1,0.194109
52,13,-1,-1,0.193874
52,14,-1,-1,0.21138
52,15,-1,-1,0.193671
52,16,-1,-1,0.194051
52,17,-1,-1,0.194814
52,18,-1,-1,0.193702
52,19,-1,-1,0.237888
53,0,-1,-1,0.20424
53,1,-1,-1,0.20053
53,2,-1,-1,0.20603
53,3,-1,-1,0.200722
53,4,-1,-1,0.200659
53,5,-1,-1,0.2011
53,6,-1,-1,0.200875
53,7,-1,-1,0.205954
53,8,-1,-1,0.205968
53,9,-1,-1,0.202544
53,10,-1,-1,0.201169
53,11,-1,-1,0.200656
53,12,-1,-1,0.200218
53,13,-1,-1,0.200403
53,14,-1,-1,0.200142
53,15,-1,-1,0.200212
53,16,-1,-1,0.203527
53,17,-1,-1,0.201349
53,18,-1,-1,0.205989
53,19,-1,-1,0.201051
54,0,-1,-1,0.207538
54,1,-1,-1,0.211212
54,2,-1,-1,0.207047
54,3,-1,-1,0.227025
54,4,-1,-1,0.207612
54,5,-1,-1,0.217807
54,6,-1,-1,0.212171
54,7,-1,-1,0.208232
54,8,-1,-1,0.208073
54,9,-1,-1,0.207097
54,10,-1,-1,0.208582
54,11,-1,-1,0.20757
54,12,-1,-1,0.207636
54,13,-1,-1,0.224023
54,14,-1,-1,0.216342
54,15,-1,-1,0.208209
54,16,-1,-1,0.208716
54,17,-1,-1,0.207439
54,18,-1,-1,0.20803
54,19,-1,-1,0.210269
55,0,-1,-1,0.214738
55,1,-1,-1,0.217958
55,2,-1,-1,0.214573
55,3,-1,-1,0.215182
55,4,-1,-1,0.217478
55,5,-1,-1,0.214403
55,6,-1,-1,0.217109
55,7,-1,-1,0.21451
55,8,-1,-1,0.219649
55,9,-1,-1,0.217824
55,10,-1,-1,0.218494
55,11,-1,-1,0.23294
55,12,-1,-1,0.215156
55,13,-1,-1,0.215196
55,14,-1,-1,0.214615
55,15,-1,-1,0.215122
55,16,-1,-1,0.223623
55,17,-1,-1,0.217017
55,18,-1,-1,0.216064
55,19,-1,-1,0.215743
56,0,-1,-1,0.222338
56,1,-1,-1,0.222609
56,2,-1,-1,0.221711
56,3,-1,-1,0.22312
56,4,-1,-1,0.221672
56,5,-1,-1,0.311213
56,6,-1,-1,0.222632
56,7,-1,-1,0.221947
56,8,-1,-1,0.222872
56,9,-1,-1,0.221691
56,10,-1,-1,0.222817
56,11,-1,-1,0.221551
56,12,-1,-1,0.221885
56,13,-1,-1,0.223186
56,14,-1,-1,0.222541
56,15,-1,-1,0.221875
56,16,-1,-1,0.222193
56,17,-1,-1,0.225855
56,18,-1,-1,0.22287
56,19,-1,-1,0.225873
57,0,-1,-1,0.229417
57,1,-1,-1,0.235524
57,2,-1,-1,0.249394
57,3,-1,-1,0.248311
57,4,-1,-1,0.228892
57,5,-1,-1,0.231827
57,6,-1,-1,0.229307
57,7,-1,-1,0.229025
57,8,-1,-1,0.236113
57,9,-1,-1,0.233125
57,10,-1,-1,0.234489
57,11,-1,-1,0.23026
57,12,-1,-1,0.245416
57,13,-1,-1,0.229107
57,14,-1,-1,0.229061
57,15,-1,-1,0.230963
57,16,-1,-1,0.229557
57,17,-1,-1,0.238206
57,18,-1,-1,0.229878
57,19,-1,-1,0.230431
58,0,-1,-1,0.237912
58,1,-1,-1,0.253162
58,2,-1,-1,0.247903
58,3,-1,-1,0.239235
58,4,-1,-1,0.238059
58,5,-1,-1,0.237537
58,6,-1,-1,0.236926
58,7,-1,-1,0.238806
58,8,-1,-1,0.237331
58,9,-1,-1,0.290568
58,10,-1,-1,0.238053
58,11,-1,-1,0.239741
58,12,-1,-1,0.237069
58,13,-1,-1,0.241156
58,14,-1,-1,0.237537
58,15,-1,-1,0.237165
58,16,-1,-1,0.247299
58,17,-1,-1,0.237282
58,18,-1,-1,0.239985
58,19,-1,-1,0.237402
59,0,-1,-1,0.244851
59,1,-1,-1,0.245201
59,2,-1,-1,0.245834
59,3,-1,-1,0.245928
59,4,-1,-1,0.24473
59,5,-1,-1,0.245176
59,6,-1,-1,0.24828
59,7,-1,-1,0.246205
59,8,-1,-1,0.248393
59,9,-1,-1,0.244401
59,10,-1,-1,0.297176
59,11,-1,-1,0.244946
59,12,-1,-1,0.245286
59,13,-1,-1,0.245278
59,14,-1,-1,0.244374
59,15,-1,-1,0.244473
59,16,-1,-1,0.248333
59,17,-1,-1,0.247714
59,18,-1,-1,0.246757
59,19,-1,-1,0.245973
60,0,-1,-1,0.267905
60,1,-1,-1,0.252014
60,2,-1,-1,0.254358
60,3,-1,-1,0.252123
60,4,-1,-1,0.379286
60,5,-1,-1,0.258643
60,6,-1,-1,0.252799
60,7,-1,-1,0.252229
60,8,-1,-1,0.253375
60,9,-1,-1,0.255419
60,10,-1,-1,0.252394
60,11,-1,-1,0.252412
60,12,-1,-1,0.252268
60,13,-1,-1,0.255157
60,14,-1,-1,0.253101
60,15,-1,-1,0.252778
60,16,-1,-1,0.259036
60,17,-1,-1,0.252485
60,18,-1,-1,0.25401
60,19,-1,-1,0.252435
61,0,-1,-1,0.259843
61,1,-1,-1,0.261242
61,2,-1,-1,0.273019
61,3,-1,-1,0.260397
61,4,-1,-1,0.260081
61,5,-1,-1,0.259991
61,6,-1,-1,0.260144
61,7,-1,-1,0.260093
61,8,-1,-1,0.273106
61,9,-1,-1,0.264598
61,10,-1,-1,0.260245
61,11,-1,-1,0.26512
61,12,-1,-1,0.26024
61,13,-1,-1,0.26057
61,14,-1,-1,0.280515
61,15,-1,-1,0.260244
61,16,-1,-1,0.261707
61,17,-1,-1,0.260517
61,18,-1,-1,0.261337
61,19,-1,-1,0.263409
62,0,-1,-1,0.27505
62,1,-1,-1,0.268554
62,2,-1,-1,0.268584
62,3,-1,-1,0.26786
62,4,-1,-1,0.268882
62,5,-1,-1,0.272904
62,6,-1,-1,0.2728
62,7,-1,-1,0.269015
62,8,-1,-1,0.269329
62,9,-1,-1,0.268792
62,10,-1,-1,0.268162
62,11,-1,-1,0.268218
62,12,-1,-1,0.276423
62,13,-1,-1,0.278117
62,14,-1,-1,0.284831
62,15,-1,-1,0.267937
62,16,-1,-1,0.271834
62,17,-1,-1,0.270837
62,18,-1,-1,0.292304
62,19,-1,-1,0.270772
63,0,-1,-1,0.276037
63,1,-1,-1,0.276578
63,2,-1,-1,0.276508
63,3,-1,-1,0.289285
63,4,-1,-1,0.291812
63,5,-1,-1,0.276792
63,6,-1,-1,0.281307
63,7,-1,-1,0.275952
63,8,-1,-1,0.292833
63,9,-1,-1,0.277632
63,10,-1,-1,0.282614
63,11,-1,-1,0.278021
63,12,-1,-1,0.288411
63,13,-1,-1,0.276626
63,14,-1,-1,0.275708
63,15,-1,-1,0.276328
63,16,-1,-1,0.280051
63,17,-1,-1,0.276901
63,18,-1,-1,0.280247
63,19,-1,-1,0.27587
64,0,-1,-1,0.283954
64,1,-1,-1,0.288143
64,2,-1,-1,0.291425
64,3,-1,-1,0.290423
64,4,-1,-1,0.283966
64,5,-1,-1,0.288742
64,6,-1,-1,0.283941
64,7,-1,-1,0.284714
64,8,-1,-1,0.291599
64,9,-1,-1,0.284327
64,10,-1,-1,0.287687
64,11,-1,-1,0.284114
64,12,-1,-1,0.284482
64,13,-1,-1,0.30547
64,14,-1,-1,0.284934
64,15,-1,-1,0.28871
64,16,-1,-1,0.28473
64,17,-1,-1,0.287166
64,18,-1,-1,0.284999
64,19,-1,-1,0.28767
65,0,-1,-1,0.292735
65,1,-1,-1,0.307478
65,2,-1,-1,0.292372
65,3,-1,-1,0.31744
65,4,-1,-1,0.296959
65,5,-1,-1,0.292974
65,6,-1,-1,0.296371
65,7,-1,-1,0.293353
65,8,-1,-1,0.317674
65,9,-1,-1,0.293793
65,10,-1,-1,0.292485
65,11,-1,-1,0.292602
65,12,-1,-1,0.294657
65,13,-1,-1,0.311325
65,14,-1,-1,0.294398
65,15,-1,-1,0.29304
65,16,-1,-1,0.29279
65,17,-1,-1,0.292438
65,18,-1,-1,0.308114
65,19,-1,-1,0.294732
66,0,-1,-1,0.306727
66,1,-1,-1,0.30096
66,2,-1,-1,0.30121
66,3,-1,-1,0.302333
66,4,-1,-1,0.310582
66,5,-1,-1,0.301221
66,6,-1,-1,0.301353
66,7,-1,-1,0.304704
66,8,-1,-1,0.315249
66,9,-1,-1,0.315372
66,10,-1,-1,0.301337
66,11,-1,-1,0.316073
66,12,-1,-1,0.30622
66,13,-1,-1,0.31335
66,14,-1,-1,0.303151
66,15,-1,-1,0.302514
66,16,-1,-1,0.301316
66,17,-1,-1,0.302067
66,18,-1,-1,0.305461
66,19,-1,-1,0.301104
67,0,-1,-1,0.31305
67,1,-1,-1,0.311196
67,2,-1,-1,0.309531
67,3,-1,-1,0.313252
67,4,-1,-1,0.324845
67,5,-1,-1,0.310554
67,6,-1,-1,0.324566
67,7,-1,-1,0.311951
67,8,-1,-1,0.3114
67,9,-1,-1,0.3121
67,10,-1,-1,0.323666
67,11,-1,-1,0.31461
67,12,-1,-1,0.311281
67,13,-1,-1,0.318914
67,14,-1,-1,0.309695
67,15,-1,-1,0.311811
67,16,-1,-1,0.309506
67,17,-1,-1,0.325246
67,18,-1,-1,0.31879
67,19,-1,-1,0.314629
68,0,-1,-1,0.335204
68,1,-1,-1,0.320459
68,2,-1,-1,0.319015
68,3,-1,-1,0.324229
68,4,-1,-1,0.324524
68,5,-1,-1,0.326704
68,6,-1,-1,0.319683
68,7,-1,-1,0.318215
68,8,-1,-1,0.324673
68,9,-1,-1,0.32037
68,10,-1,-1,0.321512
68,11,-1,-1,0.332261
68,12,-1,-1,0.319238
68,13,-1,-1,0.327482
68,14,-1,-1,0.319035
68,15,-1,-1,0.318164
68,16,-1,-1,0.325778
68,17,-1,-1,0.319493
68,18,-1,-1,0.326454
68,19,-1,-1,0.318842
69,0,-1,-1,0.327146
69,1,-1,-1,0.341262
69,2,-1,-1,0.327159
69,3,-1,-1,0.330067
69,4,-1,-1,0.331545
69,5,-1,-1,0.330819
69,6,-1,-1,0.327238
69,7,-1,-1,0.32848
69,8,-1,-1,0.340866
69,9,-1,-1,0.330023
69,10,-1,-1,0.328063
69,11,-1,-1,0.332108
69,12,-1,-1,0.328799
69,13,-1,-1,0.336206
69,14,-1,-1,0.329819
69,15,-1,-1,0.327893
69,16,-1,-1,0.328484
69,17,-1,-1,0.340097
69,18,-1,-1,0.338489
69,19,-1,-1,0.33479
70,0,-1,-1,0.335953
70,1,-1,-1,0.337666
70,2,-1,-1,0.336184
70,3,-1,-1,0.340455
70,4,-1,-1,0.356982
70,5,-1,-1,0.337555
70,6,-1,-1,0.339544
70,7,-1,-1,0.348608
70,8,-1,-1,0.338409
70,9,-1,-1,0.336976
70,10,-1,-1,0.339019
70,11,-1,-1,0.52077
70,12,-1,-1,0.340266
70,13,-1,-1,0.337068
70,14,-1,-1,0.336235
70,15,-1,-1,0.337098
70,16,-1,-1,0.338145
70,17,-1,-1,0.336404
70,18,-1,-1,0.336691
70,19,-1,-1,0.336404
71,0,-1,-1,0.350284
71,1,-1,-1,0.34651
71,2,-1,-1,0.344917
71,3,-1,-1,0.352384
71,4,-1,-1,0.34577
71,5,-1,-1,0.346846
71,6,-1,-1,0.344897
71,7,-1,-1,0.346758
71,8,-1,-1,0.355122
71,9,-1,-1,0.347698
71,10,-1,-1,0.346101
71,11,-1,-1,0.354367
71,12,-1,-1,0.348521
71,13,-1,-1,0.346841
71,14,-1,-1,0.346009
71,15,-1,-1,0.362804
71,16,-1,-1,0.350252
71,17,-1,-1,0.346205
71,18,-1,-1,0.345793
71,19,-1,-1,0.357186
72,0,-1,-1,0.364884
72,1,-1,-1,0.356196
72,2,-1,-1,0.353844
72,3,-1,-1,0.372338
72,4,-1,-1,0.357881
72,5,-1,-1,0.366886
72,6,-1,-1,0.366717
72,7,-1,-1,0.365695
72,8,-1,-1,0.356578
72,9,-1,-1,0.354837
72,10,-1,-1,0.356954
72,11,-1,-1,0.378098
72,12,-1,-1,0.356488
72,13,-1,-1,0.354863
72,14,-1,-1,0.354992
72,15,-1,-1,0.413653
72,16,-1,-1,0.368793
72,17,-1,-1,0.354708
72,18,-1,-1,0.356904
72,19,-1,-1,0.372904
73,0,-1,-1,0.375474
73,1,-1,-1,0.367206
73,2,-1,-1,0.369419
73,3,-1,-1,0.369954
73,4,-1,-1,0.365647
73,5,-1,-1,0.367955
73,6,-1,-1,0.374153
73,7,-1,-1,0.382678
73,8,-1,-1,0.364865
73,9,-1,-1,0.363476
73,10,-1,-1,0.36327
73,11,-1,-1,0.380701
73,12,-1,-1,0.376609
73,13,-1,-1,0.363387
73,14,-1,-1,0.364949
73,15,-1,-1,0.375773
73,16,-1,-1,0.373
73,17,-1,-1,0.366344
73,18,-1,-1,0.369503
73,19,-1,-1,0.468906
74,0,-1,-1,0.379422
74,1,-1,-1,0.374188
74,2,-1,-1,0.373729
74,3,-1,-1,0.396169
74,4,-1,-1,0.376894
74,5,-1,-1,0.379764
74,6,-1,-1,0.375902
74,7,-1,-1,0.429613
74,8,-1,-1,0.386153
74,9,-1,-1,0.375678
74,10,-1,-1,0.373205
74,11,-1,-1,0.385855
74,12,-1,-1,0.37871
74,13,-1,-1,0.376235
74,14,-1,-1,0.385145
74,15,-1,-1,0.392744
74,16,-1,-1,0.377298
74,17,-1,-1,0.376557
74,18,-1,-1,0.376489
74,19,-1,-1,0.38081
75,0,-1,-1,0.382729
75,1,-1,-1,0.38411
75,2,-1,-1,0.387292
75,3,-1,-1,0.405461
75,4,-1,-1,0.38413
75,5,-1,-1,0.385048
75,6,-1,-1,0.385952
75,7,-1,-1,0.401157
75,8,-1,-1,0.384384
75,9,-1,-1,0.385604
75,10,-1,-1,0.38372
75,11,-1,-1,0.387081
75,12,-1,-1,0.385178
75,13,-1,-1,0.385859
75,14,-1,-1,0.398346
75,15,-1,-1,0.393632
75,16,-1,-1,0.389569
75,17,-1,-1,0.387152
75,18,-1,-1,0.384544
75,19,-1,-1,0.392681
76,0,-1,-1,0.393397
76,1,-1,-1,0.392194
76,2,-1,-1,0.404994
76,3,-1,-1,0.405905
76,4,-1,-1,0.394175
76,5,-1,-1,0.39323
76,6,-1,-1,0.404286
76,7,-1,-1,0.396909
76,8,-1,-1,0.404558
76,9,-1,-1,0.394677
76,10,-1,-1,0.395332
76,11,-1,-1,0.587884
76,12,-1,-1,0.411341
76,13,-1,-1,0.393645
76,14,-1,-1,0.396228
76,15,-1,-1,0.412107
76,16,-1,-1,0.400466
76,17,-1,-1,0.393244
76,18,-1,-1,0.406927
76,19,-1,-1,0.456749
77,0,-1,-1,0.408345
77,1,-1,-1,0.426822
77,2,-1,-1,0.406088
77,3,-1,-1,0.410723
77,4,-1,-1,0.412344
77,5,-1,-1,0.410369
77,6,-1,-1,0.430378
77,7,-1,-1,0.409002
77,8,-1,-1,0.405595
77,9,-1,-1,0.402754
77,10,-1,-1,0.417264
77,11,-1,-1,0.404789
77,12,-1,-1,0.417747
77,13,-1,-1,0.406433
77,14,-1,-1,0.406658
77,15,-1,-1,0.402096
77,16,-1,-1,0.404451
77,17,-1,-1,0.412888
77,18,-1,-1,0.403207
77,19,-1,-1,0.403469
78,0,-1,-1,0.416707
78,1,-1,-1,0.561786
78,2,-1,-1,0.411633
78,3,-1,-1,0.429534
78,4,-1,-1,0.423184
78,5,-1,-1,0.414882
78,6,-1,-1,0.41631
78,7,-1,-1,0.41823
78,8,-1,-1,0.414246
78,9,-1,-1,0.42488
78,10,-1,-1,0.416933
78,11,-1,-1,0.41874
78,12,-1,-1,0.414655
78,13,-1,-1,0.420028
78,14,-1,-1,0.428104
78,15,-1,-1,0.427435
78,16,-1,-1,0.41238
78,17,-1,-1,0.41787
78,18,-1,-1,0.429843
78,19,-1,-1,0.424999
79,0,-1,-1,0.430552
79,1,-1,-1,0.433425
79,2,-1,-1,0.432883
79,3,-1,-1,0.425692
79,4,-1,-1,0.483369
79,5,-1,-1,0.430445
79,6,-1,-1,0.428046
79,7,-1,-1,0.460921
79,8,-1,-1,0.436954
79,9,-1,-1,0.428229
79,10,-1,-1,0.424418
79,11,-1,-1,0.422705
79,12,-1,-1,0.431524
79,13,-1,-1,0.426756
79,14,-1,-1,0.438349
79,15,-1,-1,0.42393
79,16,-1,-1,0.496796
79,17,-1,-1,0.429989
79,18,-1,-1,0.433597
79,19,-1,-1,0.445573
80,0,-1,-1,0.441032
80,1,-1,-1,0.445559
80,2,-1,-1,0.434882
80,3,-1,-1,0.436011
80,4,-1,-1,0.43366
80,5,-1,-1,0.449599
80,6,-1,-1,0.445602
80,7,-1,-1,0.448709
80,8,-1,-1,0.453419
80,9,-1,-1,0.436608
80,10,-1,-1,0.434487
80,11,-1,-1,0.443588
80,12,-1,-1,0.433239
80,13,-1,-1,0.433905
80,14,-1,-1,0.465423
80,15,-1,-1,0.436605
80,16,-1,-1,0.44974
80,17,-1,-1,0.49576
80,18,-1,-1,0.431988
80,19,-1,-1,0.435587
81,0,-1,-1,0.506247
81,1,-1,-1,0.463805
81,2,-1,-1,0.460382
81,3,-1,-1,0.444801
81,4,-1,-1,0.44363
81,5,-1,-1,0.447257
81,6,-1,-1,0.465215
81,7,-1,-1,0.443974
81,8,-1,-1,0.449788
81,9,-1,-1,0.452339
81,10,-1,-1,0.444427
81,11,-1,-1,0.454941
81,12,-1,-1,0.455879
81,13,-1,-1,0.456957
81,14,-1,-1,0.454212
81,15,-1,-1,0.533941
81,16,-1,-1,0.446399
81,17,-1,-1,0.442717
81,18,-1,-1,0.447927
81,19,-1,-1,0.44383
82,0,-1,-1,0.454863
82,1,-1,-1,0.469809
82,2,-1,-1,0.453339
82,3,-1,-1,0.464965
82,4,-1,-1,0.453505
82,5,-1,-1,0.456313
82,6,-1,-1,0.456311
82,7,-1,-1,0.463184
82,8,-1,-1,0.456111
82,9,-1,-1,0.455418
82,10,-1,-1,0.551882
82,11,-1,-1,0.465702
82,12,-1,-1,0.455766
82,13,-1,-1,0.466857
82,14,-1,-1,0.465132
82,15,-1,-1,0.459238
82,16,-1,-1,0.458676
82,17,-1,-1,0.458044
82,18,-1,-1,0.455398
82,19,-1,-1,0.464016
83,0,-1,-1,0.465635
83,1,-1,-1,0.466959
83,2,-1,-1,0.470992
83,3,-1,-1,0.474338
83,4,-1,-1,0.463352
83,5,-1,-1,0.477522
83,6,-1,-1,0.46284
83,7,-1,-1,0.466801
83,8,-1,-1,0.469569
83,9,-1,-1,0.475192
83,10,-1,-1,0.464855
83,11,-1,-1,0.464345
83,12,-1,-1,0.465136
83,13,-1,-1,0.46293
83,14,-1,-1,0.474062
83,15,-1,-1,0.467708
83,16,-1,-1,0.464236
83,17,-1,-1,0.473065
83,18,-1,-1,0.464091
83,19,-1,-1,0.475764
84,0,-1,-1,0.483311
84,1,-1,-1,0.479914
84,2,-1,-1,0.472917
84,3,-1,-1,0.495726
84,4,-1,-1,0.475592
84,5,-1,-1,0.474278
84,6,-1,-1,0.478428
84,7,-1,-1,0.486915
84,8,-1,-1,0.474262
84,9,-1,-1,0.476865
84,10,-1,-1,0.47446
84,11,-1,-1,0.484766
84,12,-1,-1,0.491339
84,13,-1,-1,0.477004
84,14,-1,-1,0.485768
84,15,-1,-1,0.47975
84,16,-1,-1,0.474114
84,17,-1,-1,0.473849
84,18,-1,-1,0.481652
84,19,-1,-1,0.488623
85,0,-1,-1,0.485934
85,1,-1,-1,0.488902
85,2,-1,-1,0.48728
85,3,-1,-1,0.484035
85,4,-1,-1,0.488714
85,5,-1,-1,0.488232
85,6,-1,-1,0.483863
85,7,-1,-1,0.496015
85,8,-1,-1,0.492711
85,9,-1,-1,0.484543
85,10,-1,-1,0.500189
85,11,-1,-1,0.484496
85,12,-1,-1,0.48462
85,13,-1,-1,0.67302
85,14,-1,-1,0.490482
85,15,-1,-1,0.485874
85,16,-1,-1,0.501279
85,17,-1,-1,0.484361
85,18,-1,-1,0.485374
85,19,-1,-1,0.501331
86,0,-1,-1,0.496531
86,1,-1,-1,0.495205
86,2,-1,-1,0.496922
86,3,-1,-1,0.49548
86,4,-1,-1,0.496838
86,5,-1,-1,0.509857
86,6,-1,-1,0.497811
86,7,-1,-1,0.49803
86,8,-1,-1,0.503917
86,9,-1,-1,0.506929
86,10,-1,-1,0.494596
86,11,-1,-1,0.613673
86,12,-1,-1,0.49537
86,13,-1,-1,0.494443
86,14,-1,-1,0.514484
86,15,-1,-1,0.49587
86,16,-1,-1,0.497383
86,17,-1,-1,0.50433
86,18,-1,-1,0.495665
86,19,-1,-1,0.496453
87,0,-1,-1,0.513563
87,1,-1,-1,0.506542
87,2,-1,-1,0.507642
87,3,-1,-1,0.624511
87,4,-1,-1,0.510316
87,5,-1,-1,0.508031
87,6,-1,-1,0.641155
87,7,-1,-1,0.50996
87,8,-1,-1,0.516064
87,9,-1,-1,0.632149
87,10,-1,-1,0.505729
87,11,-1,-1,0.50691
87,12,-1,-1,0.519691
87,13,-1,-1,0.507223
87,14,-1,-1,0.508424
87,15,-1,-1,0.507825
87,16,-1,-1,0.508252
87,17,-1,-1,0.508405
87,18,-1,-1,0.508004
87,19,-1,-1,0.50689
88,0,-1,-1,0.522651
88,1,-1,-1,0.518752
88,2,-1,-1,0.517889
88,3,-1,-1,0.517194
88,4,-1,-1,0.534346
88,5,-1,-1,0.518367
88,6,-1,-1,0.518846
88,7,-1,-1,0.534981
88,8,-1,-1,0.519632
88,9,-1,-1,0.528001
88,10,-1,-1,0.643475
88,11,-1,-1,0.519387
88,12,-1,-1,0.529418
88,13,-1,-1,0.519429
88,14,-1,-1,0.519606
88,15,-1,-1,0.517093
88,16,-1,-1,0.533911
88,17,-1,-1,0.516655
88,18,-1,-1,0.521347
88,19,-1,-1,0.519871
89,0,-1,-1,0.544656
89,1,-1,-1,0.532601
89,2,-1,-1,0.546134
89,3,-1,-1,0.532074
89,4,-1,-1,0.541885
89,5,-1,-1,0.547542
89,6,-1,-1,0.53639
89,7,-1,-1,0.539234
89,8,-1,-1,0.548585
89,9,-1,-1,0.611512
89,10,-1,-1,0.569897
89,11,-1,-1,0.556484
89,12,-1,-1,0.534131
89,13,-1,-1,0.535196
89,14,-1,-1,0.530982
89,15,-1,-1,0.531039
89,16,-1,-1,0.536458
89,17,-1,-1,0.652549
89,18,-1,-1,0.534416
89,19,-1,-1,0.534528
90,0,-1,-1,0.549808
90,1,-1,-1,0.553369
90,2,-1,-1,0.544751
90,3,-1,-1,0.901051
90,4,-1,-1,0.550939
90,5,-1,-1,0.638452
90,6,-1,-1,0.59168
90,7,-1,-1,0.548251
90,8,-1,-1,0.55745
90,9,-1,-1,0.838764
90,10,-1,-1,0.550785
90,11,-1,-1,0.539602
90,12,-1,-1,0.540116
90,13,-1,-1,0.548282
90,14,-1,-1,0.540543
90,15,-1,-1,0.544638
90,16,-1,-1,0.541045
90,17,-1,-1,0.542072
90,18,-1,-1,0.540366
90,19,-1,-1,0.542723
91,0,-1,-1,0.55491
91,1,-1,-1,0.558728
91,2,-1,-1,0.553593
91,3,-1,-1,0.565142
91,4,-1,-1,0.572843
91,5,-1,-1,0.573231
91,6,-1,-1,0.553883
91,7,-1,-1,0.563563
91,8,-1,-1,0.561277
91,9,-1,-1,0.562386
91,10,-1,-1,0.555083
91,11,-1,-1,0.561957
91,12,-1,-1,0.557253
91,13,-1,-1,0.552882
91,14,-1,-1,0.552822
91,15,-1,-1,0.560975
91,16,-1,-1,0.554937
91,17,-1,-1,0.550961
91,18,-1,-1,0.553838
91,19,-1,-1,0.558952
92,0,-1,-1,0.566937
92,1,-1,-1,0.567346
92,2,-1,-1,0.564106
92,3,-1,-1,0.576545
92,4,-1,-1,0.567839
92,5,-1,-1,0.588736
92,6,-1,-1,0.564036
92,7,-1,-1,0.572358
92,8,-1,-1,0.571271
92,9,-1,-1,0.577185
92,10,-1,-1,0.566482
92,11,-1,-1,0.599543
92,12,-1,-1,0.568673
92,13,-1,-1,0.607165
92,14,-1,-1,0.569662
92,15,-1,-1,0.566026
92,16,-1,-1,0.563531
92,17,-1,-1,0.565747
92,18,-1,-1,0.563276
92,19,-1,-1,0.577967
93,0,-1,-1,0.578904
93,1,-1,-1,0.577271
93,2,-1,-1,0.577907
93,3,-1,-1,0.578907
93,4,-1,-1,0.574346
93,5,-1,-1,0.628066
93,6,-1,-1,0.577742
93,7,-1,-1,0.575955
93,8,-1,-1,0.574749
93,9,-1,-1,0.575798
93,10,-1,-1,0.586552
93,11,-1,-1,0.578617
93,12,-1,-1,0.575901
93,13,-1,-1,0.580057
93,14,-1,-1,0.584711
93,15,-1,-1,0.587169
93,16,-1,-1,0.574797
93,17,-1,-1,0.626583
93,18,-1,-1,0.581891
93,19,-1,-1,0.578087
94,0,-1,-1,0.588557
94,1,-1,-1,0.600483
94,2,-1,-1,0.594444
94,3,-1,-1,0.595487
94,4,-1,-1,0.604117
94,5,-1,-1,0.601322
94,6,-1,-1,0.597628
94,7,-1,-1,0.601156
94,8,-1,-1,0.596388
94,9,-1,-1,0.596019
94,10,-1,-1,0.590527
94,11,-1,-1,0.608244
94,12,-1,-1,0.591279
94,13,-1,-1,0.661805
94,14,-1,-1,0.594946
94,15,-1,-1,0.603775
94,16,-1,-1,0.598421
94,17,-1,-1,0.5982
94,18,-1,-1,0.589863
94,19,-1,-1,0.594698
95,0,-1,-1,0.604713
95,1,-1,-1,0.602653
95,2,-1,-1,0.60293
95,3,-1,-1,0.610307
95,4,-1,-1,0.600926
95,5,-1,-1,0.605743
95,6,-1,-1,0.615086
95,7,-1,-1,0.619159
95,8,-1,-1,0.6011
95,9,-1,-1,0.610265
95,10,-1,-1,0.599185
95,11,-1,-1,0.689085
95,12,-1,-1,0.604726
95,13,-1,-1,0.603097
95,14,-1,-1,0.598849
95,15,-1,-1,0.605973
95,16,-1,-1,0.605989
95,17,-1,-1,0.603507
95,18,-1,-1,0.601084
95,19,-1,-1,0.600217
96,0,-1,-1,0.613516
96,1,-1,-1,0.614377
96,2,-1,-1,0.614028
96,3,-1,-1,0.622328
96,4,-1,-1,0.611068
96,5,-1,-1,0.625011
96,6,-1,-1,0.61571
96,7,-1,-1,0.611417
96,8,-1,-1,0.624023
96,9,-1,-1,0.613067
96,10,-1,-1,0.610664
96,11,-1,-1,0.612262
96,12,-1,-1,0.612926
96,13,-1,-1,0.613123
96,14,-1,-1,0.618989
96,15,-1,-1,0.624698
96,16,-1,-1,0.613699
96,17,-1,-1,0.62127
96,18,-1,-1,0.610064
96,19,-1,-1,0.725942
97,0,-1,-1,0.625866
97,1,-1,-1,0.637871
97,2,-1,-1,0.623273
97,3,-1,-1,0.632952
97,4,-1,-1,0.625783
97,5,-1,-1,0.643294
97,6,-1,-1,0.627553
97,7,-1,-1,0.635593
97,8,-1,-1,0.62499
97,9,-1,-1,0.638166
97,10,-1,-1,0.623766
97,11,-1,-1,0.633605
97,12,-1,-1,0.626565
97,13,-1,-1,0.627249
97,14,-1,-1,0.625954
97,15,-1,-1,0.630325
97,16,-1,-1,0.629349
97,17,-1,-1,0.642884
97,18,-1,-1,0.624793
97,19,-1,-1,0.628873
98,0,-1,-1,0.641867
98,1,-1,-1,0.794595
98,2,-1,-1,0.637338
98,3,-1,-1,0.636111
98,4,-1,-1,0.634497
98,5,-1,-1,0.648719
98,6,-1,-1,0.635521
98,7,-1,-1,0.636152
98,8,-1,-1,0.637107
98,9,-1,-1,0.641189
98,10,-1,-1,0.634936
98,11,-1,-1,0.779065
98,12,-1,-1,0.637689
98,13,-1,-1,0.642737
98,14,-1,-1,0.636676
98,15,-1,-1,0.644447
98,16,-1,-1,0.645342
98,17,-1,-1,0.744702
98,18,-1,-1,0.637301
98,19,-1,-1,0.748947
99,0,-1,-1,0.654245
99,1,-1,-1,0.653758
99,2,-1,-1,0.646686
99,3,-1,-1,0.662524
99,4,-1,-1,0.649499
99,5,-1,-1,0.648401
99,6,-1,-1,0.65996
99,7,-1,-1,0.655767
99,8,-1,-1,0.658786
99,9,-1,-1,0.64852
99,10,-1,-1,0.649435
99,11,-1,-1,0.647936
99,12,-1,-1,0.650234
99,13,-1,-1,0.647602
99,14,-1,-1,0.660606
99,15,-1,-1,0.656148
99,16,-1,-1,0.648377
99,17,-1,-1,0.655318
99,18,-1,-1,0.648925
99,19,-1,-1,0.663244
100,0,-1,-1,0.660651
100,1,-1,-1,0.682066
100,2,-1,-1,0.666581
100,3,-1,-1,0.68074
100,4,-1,-1,0.673815
100,5,-1,-1,0.670823
100,6,-1,-1,0.66488
100,7,-1,-1,0.673406
100,8,-1,-1,0.662414
100,9,-1,-1,0.671222
100,10,-1,-1,0.675243
100,11,-1,-1,0.676321
100,12,-1,-1,0.661198
100,13,-1,-1,0.664132
100,14,-1,-1,0.660683
100,15,-1,-1,0.666713
100,16,-1,-1,0.660811
100,17,-1,-1,0.661308
100,18,-1,-1,0.669764
100,19,-1,-1,0.662349
101,0,-1,-1,0.686886
101,1,-1,-1,0.675458
101,2,-1,-1,0.672082
101,3,-1,-1,0.838744
101,4,-1,-1,0.68373
101,5,-1,-1,0.689258
101,6,-1,-1,0.677764
101,7,-1,-1,0.683514
101,8,-1,-1,0.675291
101,9,-1,-1,0.685342
101,10,-1,-1,0.682324
101,11,-1,-1,0.695324
101,12,-1,-1,0.679007
101,13,-1,-1,0.685765
101,14,-1,-1,0.678461
101,15,-1,-1,0.690201
101,16,-1,-1,0.677222
101,17,-1,-1,0.684397
101,18,-1,-1,0.677721
101,19,-1,-1,0.693938
102,0,-1,-1,0.685508
102,1,-1,-1,0.78978
102,2,-1,-1,0.695382
102,3,-1,-1,0.694709
102,4,-1,-1,0.688039
102,5,-1,-1,0.692799
102,6,-1,-1,0.690699
102,7,-1,-1,0.702704
102,8,-1,-1,0.687516
102,9,-1,-1,0.852671
102,10,-1,-1,0.690708
102,11,-1,-1,0.689036
102,12,-1,-1,0.700368
102,13,-1,-1,0.695079
102,14,-1,-1,0.690215
102,15,-1,-1,0.688469
102,16,-1,-1,0.689984
102,17,-1,-1,0.695868
102,18,-1,-1,0.685996
102,19,-1,-1,0.696283
103,0,-1,-1,0.698072
103,1,-1,-1,0.79952
103,2,-1,-1,0.713924
103,3,-1,-1,0.715564
103,4,-1,-1,0.69836
103,5,-1,-1,0.861859
103,6,-1,-1,0.700156
103,7,-1,-1,0.823918
103,8,-1,-1,0.709447
103,9,-1,-1,0.791068
103,10,-1,-1,0.699735
103,11,-1,-1,0.709915
103,12,-1,-1,0.711508
103,13,-1,-1,0.714415
103,14,-1,-1,0.70198
103,15,-1,-1,0.885244
103,16,-1,-1,0.702438
103,17,-1,-1,0.787585
103,18,-1,-1,0.704779
103,19,-1,-1,0.706718
104,0,-1,-1,0.712738
104,1,-1,-1,0.719762
104,2,-1,-1,0.72287
104,3,-1,-1,0.721977
104,4,-1,-1,0.711542
104,5,-1,-1,0.723195
104,6,-1,-1,0.715679
104,7,-1,-1,0.719409
104,8,-1,-1,0.725792
104,9,-1,-1,0.713848
104,10,-1,-1,0.714397
104,11,-1,-1,0.716134
104,12,-1,-1,0.712605
104,13,-1,-1,0.833444
104,14,-1,-1,0.71335
104,15,-1,-1,0.719837
104,16,-1,-1,0.72089
104,17,-1,-1,0.714091
104,18,-1,-1,0.713353
104,19,-1,-1,0.718117
105,0,-1,-1,0.724702
105,1,-1,-1,0.735268
105,2,-1,-1,0.739659
105,3,-1,-1,0.734833
105,4,-1,-1,0.72459
105,5,-1,-1,0.913289
105,6,-1,-1,0.727331
105,7,-1,-1,0.823845
105,8,-1,-1,0.724738
105,9,-1,-1,0.728828
105,10,-1,-1,0.726084
105,11,-1,-1,0.737745
105,12,-1,-1,0.728886
105,13,-1,-1,0.736655
105,14,-1,-1,0.73656
105,15,-1,-1,0.881161
105,16,-1,-1,0.7257
105,17,-1,-1,0.741817
105,18,-1,-1,0.724199
105,19,-1,-1,0.739159
106,0,-1,-1,0.742226
106,1,-1,-1,0.747962
106,2,-1,-1,0.742427
106,3,-1,-1,0.738519
106,4,-1,-1,0.738461
106,5,-1,-1,0.927859
106,6,-1,-1,0.745368
106,7,-1,-1,0.746786
106,8,-1,-1,0.739933
106,9,-1,-1,0.825356
106,10,-1,-1,0.751963
106,11,-1,-1,0.924938
106,12,-1,-1,0.739665
106,13,-1,-1,0.750518
106,14,-1,-1,0.747569
106,15,-1,-1,0.74535
106,16,-1,-1,0.752879
106,17,-1,-1,0.752364
106,18,-1,-1,0.740363
106,19,-1,-1,0.744857
107,0,-1,-1,0.754176
107,1,-1,-1,0.768042
107,2,-1,-1,0.781324
107,3,-1,-1,0.764089
107,4,-1,-1,0.758463
107,5,-1,-1,0.759405
107,6,-1,-1,0.755762
107,7,-1,-1,0.771064
107,8,-1,-1,0.820625
107,9,-1,-1,0.761949
107,10,-1,-1,0.76324
107,11,-1,-1,0.755883
107,12,-1,-1,0.755692
107,13,-1,-1,0.75765
107,14,-1,-1,0.762174
107,15,-1,-1,0.765465
107,16,-1,-1,0.763312
107,17,-1,-1,0.772536
107,18,-1,-1,0.758776
107,19,-1,-1,0.761926
108,0,-1,-1,0.769754
108,1,-1,-1,0.776026
108,2,-1,-1,0.766398
108,3,-1,-1,0.783704
108,4,-1,-1,0.768563
108,5,-1,-1,0.883188
108,6,-1,-1,0.768028
108,7,-1,-1,0.779548
108,8,-1,-1,0.764539
108,9,-1,-1,0.781632
108,10,-1,-1,0.7691
108,11,-1,-1,0.775312
108,12,-1,-1,0.771083
108,13,-1,-1,0.777145
108,14,-1,-1,0.767898
108,15,-1,-1,0.774662
108,16,-1,-1,0.763962
108,17,-1,-1,0.780916
108,18,-1,-1,0.766715
108,19,-1,-1,0.777924
109,0,-1,-1,0.786766
109,1,-1,-1,0.788388
109,2,-1,-1,0.784246
109,3,-1,-1,0.787812
109,4,-1,-1,0.794403
109,5,-1,-1,0.7903
109,6,-1,-1,0.793174
109,7,-1,-1,0.79202
109,8,-1,-1,0.782052
109,9,-1,-1,0.7866
109,10,-1,-1,0.783847
109,11,-1,-1,0.816262
109,12,-1,-1,0.77778
109,13,-1,-1,0.793284
109,14,-1,-1,0.787829
109,15,-1,-1,0.779665
109,16,-1,-1,0.781358
109,17,-1,-1,0.780771
109,18,-1,-1,0.785347
109,19,-1,-1,0.816078
110,0,-1,-1,0.820698
110,1,-1,-1,0.931302
110,2,-1,-1,0.799117
110,3,-1,-1,0.81128
110,4,-1,-1,0.863905
110,5,-1,-1,0.805628
110,6,-1,-1,0.79928
110,7,-1,-1,0.803831
110,8,-1,-1,0.835512
110,9,-1,-1,0.810129
110,10,-1,-1,0.855519
110,11,-1,-1,1.05536
110,12,-1,-1,0.802612
110,13,-1,-1,0.805938
110,14,-1,-1,0.795016
110,15,-1,-1,0.800996
110,16,-1,-1,0.792611
110,17,-1,-1,0.811952
110,18,-1,-1,0.800848
110,19,-1,-1,0.801699
111,0,-1,-1,0.807669
111,1,-1,-1,0.822957
111,2,-1,-1,0.838112
111,3,-1,-1,0.83105
111,4,-1,-1,0.808385
111,5,-1,-1,0.820939
111,6,-1,-1,0.809613
111,7,-1,-1,0.817374
111,8,-1,-1,0.812664
111,9,-1,-1,0.832564
111,10,-1,-1,0.830227
111,11,-1,-1,0.817675
111,12,-1,-1,0.813867
111,13,-1,-1,0.821341
111,14,-1,-1,0.82409
111,15,-1,-1,0.862481
111,16,-1,-1,0.813443
111,17,-1,-1,0.909577
111,18,-1,-1,0.815743
111,19,-1,-1,0.813015
112,0,-1,-1,0.83191
112,1,-1,-1,0.918525
112,2,-1,-1,0.820417
112,3,-1,-1,0.924278
112,4,-1,-1,0.838462
112,5,-1,-1,0.912934
112,6,-1,-1,0.820785
112,7,-1,-1,0.841937
112,8,-1,-1,0.821634
112,9,-1,-1,0.90778
112,10,-1,-1,0.824345
112,11,-1,-1,0.905558
112,12,-1,-1,0.836061
112,13,-1,-1,0.822895
112,14,-1,-1,0.81904
112,15,-1,-1,0.914445
112,16,-1,-1,0.82183
112,17,-1,-1,0.975611
112,18,-1,-1,0.825849
112,19,-1,-1,0.837756
113,0,-1,-1,0.835063
113,1,-1,-1,0.851838
113,2,-1,-1,0.836348
113,3,-1,-1,0.842707
113,4,-1,-1,0.842446
113,5,-1,-1,0.844094
113,6,-1,-1,0.837289
113,7,-1,-1,0.854787
113,8,-1,-1,0.843472
113,9,-1,-1,0.842401
113,10,-1,-1,0.851717
113,11,-1,-1,0.837206
113,12,-1,-1,0.841908
113,13,-1,-1,0.840077
113,14,-1,-1,0.843884
113,15,-1,-1,0.844552
113,16,-1,-1,0.836179
113,17,-1,-1,0.947781
113,18,-1,-1,0.833843
113,19,-1,-1,0.840383
114,0,-1,-1,0.851265
114,1,-1,-1,0.853067
114,2,-1,-1,0.849535
114,3,-1,-1,0.858609
114,4,-1,-1,0.859096
114,5,-1,-1,0.858694
114,6,-1,-1,0.847395
114,7,-1,-1,0.855044
114,8,-1,-1,0.848193
114,9,-1,-1,0.857412
114,10,-1,-1,0.860539
114,11,-1,-1,0.86564
114,12,-1,-1,1.03071
114,13,-1,-1,0.850155
114,14,-1,-1,1.00107
114,15,-1,-1,0.851545
114,16,-1,-1,0.856694
114,17,-1,-1,0.848369
114,18,-1,-1,0.848911
114,19,-1,-1,0.85035
115,0,-1,-1,0.870586
115,1,-1,-1,0.862176
115,2,-1,-1,0.868101
115,3,-1,-1,0.868411
115,4,-1,-1,0.868686
115,5,-1,-1,0.866123
115,6,-1,-1,1.00882
115,7,-1,-1,0.891081
115,8,-1,-1,0.886875
115,9,-1,-1,0.867027
115,10,-1,-1,0.871786
115,11,-1,-1,0.870604
115,12,-1,-1,0.867593
115,13,-1,-1,1.00316
115,14,-1,-1,0.878742
115,15,-1,-1,0.888422
115,16,-1,-1,0.867746
115,17,-1,-1,0.876233
115,18,-1,-1,0.86866
115,19,-1,-1,0.864079
116,0,-1,-1,0.878284
116,1,-1,-1,0.889342
116,2,-1,-1,0.877464
116,3,-1,-1,0.877814
116,4,-1,-1,0.888715
116,5,-1,-1,0.89345
116,6,-1,-1,0.885749
116,7,-1,-1,0.880007
116,8,-1,-1,0.885128
116,9,-1,-1,0.890375
116,10,-1,-1,0.886405
116,11,-1,-1,0.88508
116,12,-1,-1,0.888163
116,13,-1,-1,0.881205
116,14,-1,-1,0.889308
116,15,-1,-1,0.890257
116,16,-1,-1,0.882484
116,17,-1,-1,0.880994
116,18,-1,-1,0.879134
116,19,-1,-1,0.884358
117,0,-1,-1,0.900863
117,1,-1,-1,0.9222
117,2,-1,-1,0.903178
117,3,-1,-1,0.901676
117,4,-1,-1,0.901868
117,5,-1,-1,0.908608
117,6,-1,-1,0.899042
117,7,-1,-1,0.921358
117,8,-1,-1,0.908247
117,9,-1,-1,0.902584
117,10,-1,-1,0.894167
117,11,-1,-1,0.9202
117,12,-1,-1,0.906773
117,13,-1,-1,0.903795
117,14,-1,-1,0.901312
117,15,-1,-1,0.904384
117,16,-1,-1,0.897835
117,17,-1,-1,0.90392
117,18,-1,-1,0.8982
117,19,-1,-1,0.903121
118,0,-1,-1,0.9162
118,1,-1,-1,0.906793
118,2,-1,-1,0.917278
118,3,-1,-1,0.907265
118,4,-1,-1,0.914619
118,5,-1,-1,0.912741
118,6,-1,-1,0.919041
118,7,-1,-1,0.92326
118,8,-1,-1,0.91773
118,9,-1,-1,0.920382
118,10,-1,-1,0.909491
118,11,-1,-1,0.913279
118,12,-1,-1,0.918044
118,13,-1,-1,0.924972
118,14,-1,-1,0.915353
118,15,-1,-1,0.917934
118,16,-1,-1,0.918516
118,17,-1,-1,0.907732
118,18,-1,-1,0.91431
118,19,-1,-1,0.912499
119,0,-1,-1,0.922607
119,1,-1,-1,0.922361
119,2,-1,-1,0.938672
119,3,-1,-1,0.923187
119,4,-1,-1,0.951626
119,5,-1,-1,0.930787
119,6,-1,-1,0.953666
119,7,-1,-1,0.926339
119,8,-1,-1,0.943436
119,9,-1,-1,0.92744
119,10,-1,-1,0.960509
119,11,-1,-1,0.934163
119,12,-1,-1,0.922162
119,13,-1,-1,0.94018
119,14,-1,-1,0.924761
119,15,-1,-1,0.927402
119,16,-1,-1,0.923741
119,17,-1,-1,0.952698
119,18,-1,-1,0.932907
119,19,-1,-1,0.931941
120,0,-1,-1,0.944243
120,1,-1,-1,0.94172
120,2,-1,-1,0.94008
120,3,-1,-1,0.955855
120,4,-1,-1,0.953445
120,5,-1,-1,0.948611
120,6,-1,-1,0.948269
120,7,-1,-1,0.937076
120,8,-1,-1,0.946741
120,9,-1,-1,0.942502
120,10,-1,-1,0.945381
120,11,-1,-1,0.948621
120,12,-1,-1,0.963231
120,13,-1,-1,0.94675
120,14,-1,-1,0.952242
120,15,-1,-1,0.946799
120,16,-1,-1,0.944278
120,17,-1,-1,0.943114
120,18,-1,-1,0.941204
120,19,-1,-1,0.94698
121,0,-1,-1,0.961772
121,1,-1,-1,0.960149
121,2,-1,-1,0.956925
121,3,-1,-1,0.961662
121,4,-1,-1,0.964618
121,5,-1,-1,0.960321
121,6,-1,-1,0.959138
121,7,-1,-1,0.958688
121,8,-1,-1,0.9547
121,9,-1,-1,0.953802
121,10,-1,-1,0.967703
121,11,-1,-1,0.96208
121,12,-1,-1,0.959981
121,13,-1,-1,0.961768
121,14,-1,-1,0.96659
121,15,-1,-1,0.973845
121,16,-1,-1,0.965799
121,17,-1,-1,0.963792
121,18,-1,-1,1.02983
121,19,-1,-1,0.96645
122,0,-1,-1,0.985605
122,1,-1,-1,0.980838
122,2,-1,-1,0.990325
122,3,-1,-1,0.991628
122,4,-1,-1,0.98007
122,5,-1,-1,1.00461
122,6,-1,-1,0.983865
122,7,-1,-1,0.989323
122,8,-1,-1,1.05784
122,9,-1,-1,0.98748
122,10,-1,-1,0.998856
122,11,-1,-1,0.982267
122,12,-1,-1,0.987044
122,13,-1,-1,0.979508
122,14,-1,-1,0.987008
122,15,-1,-1,0.98111
122,16,-1,-1,0.985327
122,17,-1,-1,0.984172
122,18,-1,-1,0.986889
122,19,-1,-1,0.975169
123,0,-1,-1,1.00141
123,1,-1,-1,0.991598
123,2,-1,-1,0.99853
123,3,-1,-1,1.00475
123,4,-1,-1,1.00262
123,5,-1,-1,0.995823
123,6,-1,-1,1.00284
123,7,-1,-1,0.998748
123,8,-1,-1,1.00185
123,9,-1,-1,1.00579
123,10,-1,-1,0.99639
123,11,-1,-1,1.00989
123,12,-1,-1,1.00037
123,13,-1,-1,1.10511
123,14,-1,-1,1.00454
123,15,-1,-1,0.993553
123,16,-1,-1,0.994676
123,17,-1,-1,1.00802
123,18,-1,-1,1.01498
123,19,-1,-1,1.00696
124,0,-1,-1,1.02337
124,1,-1,-1,1.01427
124,2,-1,-1,1.01851
124,3,-1,-1,1.01353
124,4,-1,-1,1.01067
124,5,-1,-1,1.01543
124,6,-1,-1,1.0172
124,7,-1,-1,1.10968
124,8,-1,-1,1.01596
124,9,-1,-1,1.02031
124,10,-1,-1,1.01282
124,11,-1,-1,1.01683
124,12,-1,-1,1.02198
124,13,-1,-1,1.01034
124,14,-1,-1,1.00988
124,15,-1,-1,1.01949
124,16,-1,-1,1.0266
124,17,-1,-1,1.02081
124,18,-1,-1,1.02148
124,19,-1,-1,1.01486
125,0,-1,-1,1.02809
125,1,-1,-1,1.03085
125,2,-1,-1,1.0312
125,3,-1,-1,1.02692
125,4,-1,-1,1.03188
125,5,-1,-1,1.02938
125,6,-1,-1,1.02889
125,7,-1,-1,1.03462
125,8,-1,-1,1.03362
125,9,-1,-1,1.03357
125,10,-1,-1,1.04332
125,11,-1,-1,1.16324
125,12,-1,-1,1.02558
125,13,-1,-1,1.02626
125,14,-1,-1,1.02921
125,15,-1,-1,1.03399
125,16,-1,-1,1.02881
125,17,-1,-1,1.0489
125,18,-1,-1,1.02823
125,19,-1,-1,1.03219
126,0,-1,-1,1.05018
126,1,-1,-1,1.0298
126,2,-1,-1,1.03729
126,3,-1,-1,1.03509
126,4,-1,-1,1.02983
126,5,-1,-1,1.03945
126,6,-1,-1,1.03187
126,7,-1,-1,1.03278
126,8,-1,-1,1.03474
126,9,-1,-1,1.03397
126,10,-1,-1,1.03385
126,11,-1,-1,1.03287
126,12,-1,-1,1.03038
126,13,-1,-1,1.02872
126,14,-1,-1,1.03644
126,15,-1,-1,1.03107
126,16,-1,-1,1.03365
126,17,-1,-1,1.03316
126,18,-1,-1,1.03592
126,19,-1,-1,1.03617
127,0,-1,-1,1.05086
127,1,-1,-1,1.14503
127,2,-1,-1,1.05556
127,3,-1,-1,1.05394
127,4,-1,-1,1.05567
127,5,-1,-1,1.04719
127,6,-1,-1,1.05418
127,7,-1,-1,1.04992
127,8,-1,-1,1.0588
127,9,-1,-1,1.05619
127,10,-1,-1,1.05121
127,11,-1,-1,1.05922
127,12,-1,-1,1.04745
127,13,-1,-1,1.04795
127,14,-1,-1,1.14995
127,15,-1,-1,1.04746
127,16,-1,-1,1.05847
127,17,-1,-1,1.0596
127,18,-1,-1,1.04678
127,19,-1,-1,1.05717
128,0,-1,-1,1.07055
128,1,-1,-1,1.07525
128,2,-1,-1,1.08187
128,3,-1,-1,1.06638
128,4,-1,-1,1.07984
128,5,-1,-1,1.06341
128,6,-1,-1,1.07341
128,7,-1,-1,1.07254
128,8,-1,-1,1.07641
128,9,-1,-1,1.08036
128,10,-1,-1,1.06669
128,11,-1,-1,1.07543
128,12,-1,-1,1.07424
128,13,-1,-1,1.07471
128,14,-1,-1,1.07134
128,15,-1,-1,1.06613
128,16,-1,-1,1.06687
128,17,-1,-1,1.06662
128,18,-1,-1,1.06824
128,19,-1,-1,1.19111
129,0,-1,-1,1.08797
129,1,-1,-1,1.08136
129,2,-1,-1,1.08394
129,3,-1,-1,1.08919
129,4,-1,-1,1.08252
129,5,-1,-1,1.08198
129,6,-1,-1,1.08959
129,7,-1,-1,1.20626
129,8,-1,-1,1.08213
129,9,-1,-1,1.08024
129,10,-1,-1,1.08775
129,11,-1,-1,1.08624
129,12,-1,-1,1.07872
129,13,-1,-1,1.08434
129,14,-1,-1,1.08235
129,15,-1,-1,1.0869
129,16,-1,-1,1.07847
129,17,-1,-1,1.09391
129,18,-1,-1,1.07844
129,19,-1,-1,1.0802
130,0,-1,-1,1.09864
130,1,-1,-1,1.09632
130,2,-1,-1,1.10998
130,3,-1,-1,1.0969
130,4,-1,-1,1.09913
130,5,-1,-1,1.21847
130,6,-1,-1,1.09891
130,7,-1,-1,1.1017
130,8,-1,-1,1.09971
130,9,-1,-1,1.12536
130,10,-1,-1,1.10011
130,11,-1,-1,1.162
130,12,-1,-1,1.09965
130,13,-1,-1,1.0984
130,14,-1,-1,1.09881
130,15,-1,-1,1.09538
130,16,-1,-1,1.09527
130,17,-1,-1,1.09514
130,18,-1,-1,1.10472
130,19,-1,-1,1.09986
131,0,-1,-1,1.11778
131,1,-1,-1,1.11592
131,2,-1,-1,1.11129
131,3,-1,-1,1.11344
131,4,-1,-1,1.11692
131,5,-1,-1,1.12116
131,6,-1,-1,1.24023
131,7,-1,-1,1.11926
131,8,-1,-1,1.11519
131,9,-1,-1,1.24192
131,10,-1,-1,1.11609
131,11,-1,-1,1.19439
131,12,-1,-1,1.11067
131,13,-1,-1,1.11467
131,14,-1,-1,1.11855
131,15,-1,-1,1.11869
131,16,-1,-1,1.11465
131,17,-1,-1,1.11793
131,18,-1,-1,1.24262
131,19,-1,-1,1.11562
132,0,-1,-1,1.25609
132,1,-1,-1,1.12763
132,2,-1,-1,1.1276
132,3,-1,-1,1.12629
132,4,-1,-1,1.27038
132,5,-1,-1,1.13937
132,6,-1,-1,1.13853
132,7,-1,-1,1.13939
132,8,-1,-1,1.13007
132,9,-1,-1,1.14468
132,10,-1,-1,1.13016
132,11,-1,-1,1.13579
132,12,-1,-1,1.13663
132,13,-1,-1,1.13166
132,14,-1,-1,1.13828
132,15,-1,-1,1.13663
132,16,-1,-1,1.14231
132,17,-1,-1,1.14179
132,18,-1,-1,1.13285
132,19,-1,-1,1.13968
133,0,-1,-1,1.14915
133,1,-1,-1,1.30654
133,2,-1,-1,1.15942
133,3,-1,-1,1.14958
133,4,-1,-1,1.23828
133,5,-1,-1,1.14945
133,6,-1,-1,1.15465
133,7,-1,-1,1.1552
133,8,-1,-1,1.14765
133,9,-1,-1,1.16067
133,10,-1,-1,1.27099
133,11,-1,-1,1.14735
133,12,-1,-1,1.1543
133,13,-1,-1,1.22339
133,14,-1,-1,1.15169
133,15,-1,-1,1.15406
133,16,-1,-1,1.2191
133,17,-1,-1,1.14376
133,18,-1,-1,1.14723
133,19,-1,-1,1.22608
134,0,-1,-1,1.16679
134,1,-1,-1,1.1655
134,2,-1,-1,1.28674
134,3,-1,-1,1.16761
134,4,-1,-1,1.16168
134,5,-1,-1,1.17756
134,6,-1,-1,1.1634
134,7,-1,-1,1.24904
134,8,-1,-1,1.16727
134,9,-1,-1,1.25621
134,10,-1,-1,1.16444
134,11,-1,-1,1.16688
134,12,-1,-1,1.16821
134,13,-1,-1,1.16659
134,14,-1,-1,1.16162
134,15,-1,-1,1.16198
134,16,-1,-1,1.16247
134,17,-1,-1,1.16762
134,18,-1,-1,1.16604
134,19,-1,-1,1.16422
135,0,-1,-1,1.18176
135,1,-1,-1,1.1805
135,2,-1,-1,1.18669
135,3,-1,-1,1.18607
135,4,-1,-1,1.30232
135,5,-1,-1,1.18366
135,6,-1,-1,1.30114
135,7,-1,-1,1.19499
135,8,-1,-1,1.18171
135,9,-1,-1,1.1773
135,10,-1,-1,1.19312
135,11,-1,-1,1.19236
135,12,-1,-1,1.17983
135,13,-1,-1,1.18193
135,14,-1,-1,1.18107
135,15,-1,-1,1.30065
135,16,-1,-1,1.18237
135,17,-1,-1,1.30335
135,18,-1,-1,1.18313
135,19,-1,-1,1.19321
136,0,-1,-1,1.19918
136,1,-1,-1,1.2012
136,2,-1,-1,1.20277
136,3,-1,-1,1.20763
136,4,-1,-1,1.23653
136,5,-1,-1,1.2182
136,6,-1,-1,1.21436
136,7,-1,-1,1.19877
136,8,-1,-1,1.20033
136,9,-1,-1,1.19437
136,10,-1,-1,1.20043
136,11,-1,-1,1.20679
136,12,-1,-1,1.19671
136,13,-1,-1,1.53018
136,14,-1,-1,1.20321
136,15,-1,-1,1.1969
136,16,-1,-1,1.28941
136,17,-1,-1,1.37426
136,18,-1,-1,1.19638
136,19,-1,-1,1.19525
137,0,-1,-1,1.2115
137,1,-1,-1,1.21217
137,2,-1,-1,1.21447
137,3,-1,-1,1.22635
137,4,-1,-1,1.24286
137,5,-1,-1,1.21764
137,6,-1,-1,1.21612
137,7,-1,-1,1.22202
137,8,-1,-1,1.21634
137,9,-1,-1,1.2171
137,10,-1,-1,1.22306
137,11,-1,-1,1.22219
137,12,-1,-1,1.22279
137,13,-1,-1,1.33631
137,14,-1,-1,1.22233
137,15,-1,-1,1.21636
137,16,-1,-1,1.2472
137,17,-1,-1,1.21834
137,18,-1,-1,1.22736
137,19,-1,-1,1.21766
138,0,-1,-1,1.23079
138,1,-1,-1,1.24506
138,2,-1,-1,1.25155
138,3,-1,-1,1.23214
138,4,-1,-1,1.23269
138,5,-1,-1,1.33006
138,6,-1,-1,1.23834
138,7,-1,-1,1.23638
138,8,-1,-1,1.22972
138,9,-1,-1,1.34766
138,10,-1,-1,1.23141
138,11,-1,-1,1.23502
138,12,-1,-1,1.22948
138,13,-1,-1,1.23333
138,14,-1,-1,1.23839
138,15,-1,-1,1.23195
138,16,-1,-1,1.22533
138,17,-1,-1,1.62704
138,18,-1,-1,1.62792
138,19,-1,-1,1.23228
139,0,-1,-1,1.24897
139,1,-1,-1,1.24807
139,2,-1,-1,1.2456
139,3,-1,-1,1.25222
139,4,-1,-1,1.34877
139,5,-1,-1,1.24247
139,6,-1,-1,1.3386
139,7,-1,-1,1.249
139,8,-1,-1,1.25191
139,9,-1,-1,1.24595
139,10,-1,-1,1.24691
139,11,-1,-1,1.25194
139,12,-1,-1,1.24973
139,13,-1,-1,1.24952
139,14,-1,-1,1.24878
139,15,-1,-1,1.25383
139,16,-1,-1,1.24511
139,17,-1,-1,1.36466
139,18,-1,-1,1.25311
139,19,-1,-1,1.25425
140,0,-1,-1,1.26676
140,1,-1,-1,1.26969
140,2,-1,-1,1.38053
140,3,-1,-1,1.26907
140,4,-1,-1,1.26901
140,5,-1,-1,1.2715
140,6,-1,-1,1.26094
140,7,-1,-1,1.26547
140,8,-1,-1,1.35426
140,9,-1,-1,1.26733
140,10,-1,-1,1.26997
140,11,-1,-1,1.28627
140,12,-1,-1,1.26274
140,13,-1,-1,1.26554
140,14,-1,-1,1.26651
140,15,-1,-1,1.27691
140,16,-1,-1,1.38003
140,17,-1,-1,1.26009
140,18,-1,-1,1.26698
140,19,-1,-1,1.2735
141,0,-1,-1,1.2826
141,1,-1,-1,1.39943
141,2,-1,-1,1.2835
141,3,-1,-1,1.35139
141,4,-1,-1,1.28549
141,5,-1,-1,1.28033
141,6,-1,-1,1.2855
141,7,-1,-1,1.28385
141,8,-1,-1,1.28129
141,9,-1,-1,1.39801
141,10,-1,-1,1.28589
141,11,-1,-1,1.29023
141,12,-1,-1,1.2828
141,13,-1,-1,1.39716
141,14,-1,-1,1.28342
141,15,-1,-1,1.2829
141,16,-1,-1,1.29824
141,17,-1,-1,1.27912
141,18,-1,-1,1.27955
141,19,-1,-1,1.39829
142,0,-1,-1,1.30436
142,1,-1,-1,1.30435
142,2,-1,-1,1.30016
142,3,-1,-1,1.29733
142,4,-1,-1,1.30179
142,5,-1,-1,1.30072
142,6,-1,-1,1.30645
142,7,-1,-1,1.30063
142,8,-1,-1,1.29866
142,9,-1,-1,1.30543
142,10,-1,-1,1.29977
142,11,-1,-1,1.29919
142,12,-1,-1,1.29964
142,13,-1,-1,1.30288
142,14,-1,-1,1.4171
142,15,-1,-1,1.42589
142,16,-1,-1,1.30318
142,17,-1,-1,1.29924
142,18,-1,-1,1.30067
142,19,-1,-1,1.31289
143,0,-1,-1,1.3223
143,1,-1,-1,1.31558
143,2,-1,-1,1.3169
143,3,-1,-1,1.32325
143,4,-1,-1,1.39473
143,5,-1,-1,1.3268
143,6,-1,-1,1.32575
143,7,-1,-1,1.32071
143,8,-1,-1,1.32413
143,9,-1,-1,1.31612
143,10,-1,-1,1.31883
143,11,-1,-1,1.32087
143,12,-1,-1,1.32334
143,13,-1,-1,1.32598
143,14,-1,-1,1.3232
143,15,-1,-1,1.32179
143,16,-1,-1,1.44712
143,17,-1,-1,1.32096
143,18,-1,-1,1.32233
143,19,-1,-1,1.31804
144,0,-1,-1,1.45339
144,1,-1,-1,1.34143
144,2,-1,-1,1.33787
144,3,-1,-1,1.33291
144,4,-1,-1,1.45181
144,5,-1,-1,1.33649
144,6,-1,-1,1.33927
144,7,-1,-1,1.45405
144,8,-1,-1,1.45103
144,9,-1,-1,1.45273
144,10,-1,-1,1.45201
144,11,-1,-1,1.4002
144,12,-1,-1,1.33463
144,13,-1,-1,1.42804
144,14,-1,-1,1.34229
144,15,-1,-1,1.33762
144,16,-1,-1,1.33448
144,17,-1,-1,1.3358
144,18,-1,-1,1.45021
144,19,-1,-1,1.45754
145,0,-1,-1,1.35472
145,1,-1,-1,1.37998
145,2,-1,-1,1.35433
145,3,-1,-1,1.35617
145,4,-1,-1,1.47237
145,5,-1,-1,1.35501
145,6,-1,-1,1.35489
145,7,-1,-1,1.44015
145,8,-1,-1,1.35161
145,9,-1,-1,1.4684
145,10,-1,-1,1.35863
145,11,-1,-1,1.36491
145,12,-1,-1,1.3513
145,13,-1,-1,1.36205
145,14,-1,-1,1.35418
145,15,-1,-1,1.36119
145,16,-1,-1,1.4429
145,17,-1,-1,1.35696
145,18,-1,-1,1.35949
145,19,-1,-1,1.35686
146,0,-1,-1,1.3809
146,1,-1,-1,1.36993
146,2,-1,-1,1.37584
146,3,-1,-1,1.37173
146,4,-1,-1,1.37163
146,5,-1,-1,1.36867
146,6,-1,-1,1.37669
146,7,-1,-1,1.3752
146,8,-1,-1,1.37546
146,9,-1,-1,1.48732
146,10,-1,-1,1.38004
146,11,-1,-1,1.3784
146,12,-1,-1,1.48825
146,13,-1,-1,1.46134
146,14,-1,-1,1.37275
146,15,-1,-1,1.36977
146,16,-1,-1,1.37935
146,17,-1,-1,1.37822
146,18,-1,-1,1.37133
146,19,-1,-1,1.3763
147,0,-1,-1,1.39199
147,1,-1,-1,1.39279
147,2,-1,-1,1.50361
147,3,-1,-1,1.39187
147,4,-1,-1,1.52672
147,5,-1,-1,1.39162
147,6,-1,-1,1.3964
147,7,-1,-1,1.39242
147,8,-1,-1,1.39405
147,9,-1,-1,1.38741
147,10,-1,-1,1.38506
147,11,-1,-1,1.39776
147,12,-1,-1,1.39372
147,13,-1,-1,1.39246
147,14,-1,-1,1.39677
147,15,-1,-1,1.3979
147,16,-1,-1,1.3952
147,17,-1,-1,1.47952
147,18,-1,-1,1.40406
147,19,-1,-1,1.40061
148,0,-1,-1,1.41404
148,1,-1,-1,1.41415
148,2,-1,-1,1.41723
148,3,-1,-1,1.41908
148,4,-1,-1,1.4138
148,5,-1,-1,1.4151
148,6,-1,-1,1.41792
148,7,-1,-1,1.41055
148,8,-1,-1,1.40912
148,9,-1,-1,1.41412
148,10,-1,-1,1.41465
148,11,-1,-1,1.52358
148,12,-1,-1,1.52153
148,13,-1,-1,1.49398
148,14,-1,-1,1.52365
148,15,-1,-1,1.4205
148,16,-1,-1,1.40773
148,17,-1,-1,1.52344
148,18,-1,-1,1.41092
148,19,-1,-1,1.4149
149,0,-1,-1,1.43412
149,1,-1,-1,1.4317
149,2,-1,-1,1.42859
149,3,-1,-1,1.42591
149,4,-1,-1,1.43244
149,5,-1,-1,1.42653
149,6,-1,-1,1.425
149,7,-1,-1,1.43136
149,8,-1,-1,1.43135
149,9,-1,-1,1.54171
149,10,-1,-1,1.53915
149,11,-1,-1,1.43069
149,12,-1,-1,1.42974
149,13,-1,-1,1.43477
149,14,-1,-1,1.42365
149,15,-1,-1,1.49248
149,16,-1,-1,1.42475
149,17,-1,-1,1.42997
149,18,-1,-1,1.42256
149,19,-1,-1,1.42827
150,0,-1,-1,1.45229
150,1,-1,-1,1.44239
150,2,-1,-1,1.4485
150,3,-1,-1,1.44146
150,4,-1,-1,1.45158
150,5,-1,-1,1.45037
150,6,-1,-1,1.45822
150,7,-1,-1,1.44729
150,8,-1,-1,1.45144
150,9,-1,-1,1.45343
150,10,-1,-1,1.5344
150,11,-1,-1,1.44543
150,12,-1,-1,1.45543
150,13,-1,-1,1.45296
150,14,-1,-1,1.44707
150,15,-1,-1,1.55903
150,16,-1,-1,1.45074
150,17,-1,-1,1.44707
150,18,-1,-1,1.44764
150,19,-1,-1,1.44745
151,0,-1,-1,1.5753
151,1,-1,-1,1.57483
151,2,-1,-1,1.46684
151,3,-1,-1,1.46515
151,4,-1,-1,1.46325
151,5,-1,-1,1.46939
151,6,-1,-1,1.46228
151,7,-1,-1,1.48662
151,8,-1,-1,1.4658
151,9,-1,-1,1.46853
151,10,-1,-1,1.46169
151,11,-1,-1,1.46738
151,12,-1,-1,1.4696
151,13,-1,-1,1.46513
151,14,-1,-1,1.46844
151,15,-1,-1,1.47054
151,16,-1,-1,1.59066
151,17,-1,-1,1.46896
151,18,-1,-1,1.46767
151,19,-1,-1,1.46468
152,0,-1,-1,1.48012
152,1,-1,-1,1.60662
152,2,-1,-1,1.48931
152,3,-1,-1,1.48921
152,4,-1,-1,1.48893
152,5,-1,-1,1.62968
152,6,-1,-1,1.48523
152,7,-1,-1,1.48472
152,8,-1,-1,1.48583
152,9,-1,-1,1.4929
152,10,-1,-1,1.59842
152,11,-1,-1,1.49161
152,12,-1,-1,1.56977
152,13,-1,-1,1.49437
152,14,-1,-1,1.48649
152,15,-1,-1,1.48265
152,16,-1,-1,1.48567
152,17,-1,-1,1.59268
152,18,-1,-1,1.47915
152,19,-1,-1,1.48863
153,0,-1,-1,1.50447
153,1,-1,-1,1.50776
153,2,-1,-1,1.58428
153,3,-1,-1,1.50117
153,4,-1,-1,1.51111
153,5,-1,-1,1.50865
153,6,-1,-1,1.61622
153,7,-1,-1,1.50125
153,8,-1,-1,1.50914
153,9,-1,-1,1.50247
153,10,-1,-1,1.50439
153,11,-1,-1,1.50781
153,12,-1,-1,1.50419
153,13,-1,-1,1.50553
153,14,-1,-1,1.50242
153,15,-1,-1,1.50566
153,16,-1,-1,1.51417
153,17,-1,-1,1.58512
153,18,-1,-1,1.51413
153,19,-1,-1,1.50784
154,0,-1,-1,1.52639
154,1,-1,-1,1.52427
154,2,-1,-1,1.5203
154,3,-1,-1,1.52567
154,4,-1,-1,1.58029
154,5,-1,-1,1.52591
154,6,-1,-1,1.53184
154,7,-1,-1,1.60587
154,8,-1,-1,1.52686
154,9,-1,-1,1.51869
154,10,-1,-1,1.5282
154,11,-1,-1,1.52487
154,12,-1,-1,1.53021
154,13,-1,-1,1.52984
154,14,-1,-1,1.5298
154,15,-1,-1,1.52715
154,16,-1,-1,1.52215
154,17,-1,-1,1.52529
154,18,-1,-1,1.52522
154,19,-1,-1,1.52594
155,0,-1,-1,1.54182
155,1,-1,-1,1.54029
155,2,-1,-1,1.54406
155,3,-1,-1,1.54181
155,4,-1,-1,1.54164
155,5,-1,-1,1.54096
155,6,-1,-1,1.54534
155,7,-1,-1,1.5429
155,8,-1,-1,1.54211
155,9,-1,-1,1.54799
155,10,-1,-1,1.54977
155,11,-1,-1,1.53993
155,12,-1,-1,1.53998
155,13,-1,-1,1.54552
155,14,-1,-1,1.53861
155,15,-1,-1,1.65703
155,16,-1,-1,1.54278
155,17,-1,-1,1.54774
155,18,-1,-1,1.54668
155,19,-1,-1,1.54277
156,0,-1,-1,1.56798
156,1,-1,-1,1.5594
156,2,-1,-1,1.56205
156,3,-1,-1,1.56928
156,4,-1,-1,1.56585
156,5,-1,-1,1.67037
156,6,-1,-1,1.56651
156,7,-1,-1,1.55603
156,8,-1,-1,1.56586
156,9,-1,-1,1.56241
156,10,-1,-1,1.5636
156,11,-1,-1,1.56322
156,12,-1,-1,1.55625
156,13,-1,-1,1.56267
156,14,-1,-1,1.5633
156,15,-1,-1,1.56659
156,16,-1,-1,1.57341
156,17,-1,-1,1.56439
156,18,-1,-1,1.56601
156,19,-1,-1,1.5608
157,0,-1,-1,1.58069
157,1,-1,-1,1.59001
157,2,-1,-1,1.58188
157,3,-1,-1,1.69316
157,4,-1,-1,1.58178
157,5,-1,-1,1.59445
157,6,-1,-1,1.68763
157,7,-1,-1,1.58694
157,8,-1,-1,1.58376
157,9,-1,-1,1.58683
157,10,-1,-1,1.58241
157,11,-1,-1,1.6934
157,12,-1,-1,1.57702
157,13,-1,-1,1.58116
157,14,-1,-1,1.58043
157,15,-1,-1,1.57697
157,16,-1,-1,1.59108
157,17,-1,-1,1.58496
157,18,-1,-1,1.58969
157,19,-1,-1,1.58382
158,0,-1,-1,1.7138
158,1,-1,-1,1.71002
158,2,-1,-1,1.60506
158,3,-1,-1,1.60497
158,4,-1,-1,1.60571
158,5,-1,-1,1.60647
158,6,-1,-1,1.6016
158,7,-1,-1,1.60005
158,8,-1,-1,1.5988
158,9,-1,-1,1.59654
158,10,-1,-1,1.59484
158,11,-1,-1,1.60721
158,12,-1,-1,1.6037
158,13,-1,-1,1.60036
158,14,-1,-1,1.60666
158,15,-1,-1,1.60087
158,16,-1,-1,1.59877
158,17,-1,-1,1.60013
158,18,-1,-1,1.6033
158,19,-1,-1,1.61451
159,0,-1,-1,1.62224
159,1,-1,-1,1.61742
159,2,-1,-1,1.61816
159,3,-1,-1,1.62248
159,4,-1,-1,1.65022
159,5,-1,-1,1.63229
159,6,-1,-1,1.62414
159,7,-1,-1,1.62468
159,8,-1,-1,1.6829
159,9,-1,-1,1.62345
159,10,-1,-1,1.61867
159,11,-1,-1,1.72542
159,12,-1,-1,1.62124
159,13,-1,-1,1.61824
159,14,-1,-1,1.62355
159,15,-1,-1,1.72744
159,16,-1,-1,1.73
159,17,-1,-1,1.63117
159,18,-1,-1,1.61502
159,19,-1,-1,1.63153
160,0,-1,-1,1.63841
160,1,-1,-1,1.72307
160,2,-1,-1,1.64476
160,3,-1,-1,1.64563
160,4,-1,-1,1.64081
160,5,-1,-1,1.63484
160,6,-1,-1,1.75155
160,7,-1,-1,1.64002
160,8,-1,-1,1.64249
160,9,-1,-1,1.63823
160,10,-1,-1,1.64494
160,11,-1,-1,1.6359
160,12,-1,-1,1.75486
160,13,-1,-1,1.6455
160,14,-1,-1,1.63995
160,15,-1,-1,1.64919
160,16,-1,-1,1.64195
160,17,-1,-1,1.64532
160,18,-1,-1,1.64079
160,19,-1,-1,1.63733
161,0,-1,-1,1.65659
161,1,-1,-1,1.76889
161,2,-1,-1,1.73036
161,3,-1,-1,1.65762
161,4,-1,-1,1.65428
161,5,-1,-1,1.65484
161,6,-1,-1,1.6583
161,7,-1,-1,1.66386
161,8,-1,-1,1.65366
161,9,-1,-1,1.66088
161,10,-1,-1,1.66641
161,11,-1,-1,1.66408
161,12,-1,-1,1.66217
161,13,-1,-1,1.76996
161,14,-1,-1,1.77375
161,15,-1,-1,1.66695
161,16,-1,-1,1.65853
161,17,-1,-1,1.66388
161,18,-1,-1,1.66235
161,19,-1,-1,1.65818
162,0,-1,-1,1.67749
162,1,-1,-1,1.67489
162,2,-1,-1,1.68681
162,3,-1,-1,1.68687
162,4,-1,-1,1.676
162,5,-1,-1,1.67915
162,6,-1,-1,1.6762
162,7,-1,-1,1.6749
162,8,-1,-1,1.68347
162,9,-1,-1,1.78363
162,10,-1,-1,1.78283
162,11,-1,-1,1.78475
162,12,-1,-1,1.6793
162,13,-1,-1,1.67752
162,14,-1,-1,1.68533
162,15,-1,-1,1.68635
162,16,-1,-1,1.68244
162,17,-1,-1,1.68347
162,18,-1,-1,1.81107
162,19,-1,-1,1.68612
163,0,-1,-1,1.70351
163,1,-1,-1,1.70334
163,2,-1,-1,1.70457
163,3,-1,-1,1.70183
163,4,-1,-1,1.69546
163,5,-1,-1,1.69642
163,6,-1,-1,1.69811
163,7,-1,-1,1.6979
163,8,-1,-1,1.70825
163,9,-1,-1,1.69979
163,10,-1,-1,1.70294
163,11,-1,-1,1.69666
163,12,-1,-1,1.70688
163,13,-1,-1,1.69676
163,14,-1,-1,1.69579
163,15,-1,-1,1.7003
163,16,-1,-1,1.6975
163,17,-1,-1,1.69983
163,18,-1,-1,1.75253
163,19,-1,-1,1.69341
164,0,-1,-1,1.83074
164,1,-1,-1,1.72233
164,2,-1,-1,1.72418
164,3,-1,-1,1.72161
164,4,-1,-1,1.7246
164,5,-1,-1,1.72511
164,6,-1,-1,1.72573
164,7,-1,-1,1.72495
164,8,-1,-1,1.71665
164,9,-1,-1,1.82213
164,10,-1,-1,1.72014
164,11,-1,-1,1.79995
164,12,-1,-1,1.71403
164,13,-1,-1,1.72359
164,14,-1,-1,1.71978
164,15,-1,-1,1.71912
164,16,-1,-1,1.72473
164,17,-1,-1,1.72335
164,18,-1,-1,1.76078
164,19,-1,-1,1.71362
165,0,-1,-1,1.73338
165,1,-1,-1,1.73697
165,2,-1,-1,1.73877
165,3,-1,-1,1.84221
165,4,-1,-1,1.73968
165,5,-1,-1,1.80084
165,6,-1,-1,1.73593
165,7,-1,-1,1.73524
165,8,-1,-1,1.73432
165,9,-1,-1,1.74274
165,10,-1,-1,1.73666
165,11,-1,-1,1.73863
165,12,-1,-1,1.73703
165,13,-1,-1,1.74321
165,14,-1,-1,1.7421
165,15,-1,-1,1.73716
165,16,-1,-1,1.74281
165,17,-1,-1,1.73854
165,18,-1,-1,1.7469
165,19,-1,-1,1.74051
166,0,-1,-1,1.86518
166,1,-1,-1,1.86835
166,2,-1,-1,1.76159
166,3,-1,-1,1.76211
166,4,-1,-1,1.76386
166,5,-1,-1,1.76016
166,6,-1,-1,1.87139
166,7,-1,-1,1.76403
166,8,-1,-1,1.75889
166,9,-1,-1,1.7569
166,10,-1,-1,1.75756
166,11,-1,-1,1.75826
166,12,-1,-1,1.76193
166,13,-1,-1,1.86231
166,14,-1,-1,1.89162
166,15,-1,-1,1.75844
166,16,-1,-1,1.75635
166,17,-1,-1,1.76904
166,18,-1,-1,1.76364
166,19,-1,-1,1.7591
167,0,-1,-1,1.77955
167,1,-1,-1,1.78436
167,2,-1,-1,1.88452
167,3,-1,-1,1.78919
167,4,-1,-1,1.77763
167,5,-1,-1,1.88639
167,6,-1,-1,1.88943
167,7,-1,-1,1.83947
167,8,-1,-1,1.79155
167,9,-1,-1,1.78311
167,10,-1,-1,1.78572
167,11,-1,-1,1.78858
167,12,-1,-1,1.78357
167,13,-1,-1,1.78044
167,14,-1,-1,1.88579
167,15,-1,-1,1.88682
167,16,-1,-1,1.78369
167,17,-1,-1,1.77658
167,18,-1,-1,1.77808
167,19,-1,-1,1.78064
168,0,-1,-1,1.79983
168,1,-1,-1,1.79921
168,2,-1,-1,1.90699
168,3,-1,-1,1.80774
168,4,-1,-1,1.902
168,5,-1,-1,1.80788
168,6,-1,-1,1.80734
168,7,-1,-1,1.80173
168,8,-1,-1,1.7984
168,9,-1,-1,1.90525
168,10,-1,-1,1.80115
168,11,-1,-1,1.79946
168,12,-1,-1,1.80005
168,13,-1,-1,1.79914
168,14,-1,-1,1.79912
168,15,-1,-1,1.80044
168,16,-1,-1,1.8002
168,17,-1,-1,1.80523
168,18,-1,-1,1.80189
168,19,-1,-1,1.80149
169,0,-1,-1,1.81973
169,1,-1,-1,1.82627
169,2,-1,-1,1.81979
169,3,-1,-1,1.83113
169,4,-1,-1,1.8235
169,5,-1,-1,1.82182
169,6,-1,-1,1.82145
169,7,-1,-1,1.82276
169,8,-1,-1,1.82365
169,9,-1,-1,1.82222
169,10,-1,-1,1.82074
169,11,-1,-1,1.82768
169,12,-1,-1,1.81845
169,13,-1,-1,1.82442
169,14,-1,-1,1.82237
169,15,-1,-1,1.82246
169,16,-1,-1,1.82311
169,17,-1,-1,1.83715
169,18,-1,-1,1.82051
169,19,-1,-1,1.90263
170,0,-1,-1,1.94462
170,1,-1,-1,1.94544
170,2,-1,-1,1.91973
170,3,-1,-1,1.84467
170,4,-1,-1,1.91888
170,5,-1,-1,1.84006
170,6,-1,-1,1.84879
170,7,-1,-1,1.84175
170,8,-1,-1,1.84034
170,9,-1,-1,1.84078
170,10,-1,-1,1.84259
170,11,-1,-1,1.94422
170,12,-1,-1,1.84107
170,13,-1,-1,1.84043
170,14,-1,-1,1.84971
170,15,-1,-1,1.84286
170,16,-1,-1,1.84205
170,17,-1,-1,1.84204
170,18,-1,-1,1.83796
170,19,-1,-1,1.94403
171,0,-1,-1,1.96386
171,1,-1,-1,1.86085
171,2,-1,-1,1.85964
171,3,-1,-1,1.86024
171,4,-1,-1,1.85714
171,5,-1,-1,1.86026
171,6,-1,-1,1.85705
171,7,-1,-1,1.85776
171,8,-1,-1,1.86563
171,9,-1,-1,1.86462
171,10,-1,-1,1.94374
171,11,-1,-1,1.86147
171,12,-1,-1,1.86661
171,13,-1,-1,1.86083
171,14,-1,-1,1.86686
171,15,-1,-1,1.85991
171,16,-1,-1,1.8592
171,17,-1,-1,1.8589
171,18,-1,-1,1.86734
171,19,-1,-1,1.85983
172,0,-1,-1,1.88189
172,1,-1,-1,1.8825
172,2,-1,-1,1.88906
172,3,-1,-1,1.88044
172,4,-1,-1,1.88866
172,5,-1,-1,1.88527
172,6,-1,-1,1.88441
172,7,-1,-1,1.88665
172,8,-1,-1,1.88568
172,9,-1,-1,1.99298
172,10,-1,-1,1.89479
172,11,-1,-1,1.96073
172,12,-1,-1,1.88919
172,13,-1,-1,1.88843
172,14,-1,-1,2.00127
172,15,-1,-1,1.88402
172,16,-1,-1,1.8909
172,17,-1,-1,1.89321
172,18,-1,-1,1.98856
172,19,-1,-1,1.88761
173,0,-1,-1,1.90849
173,1,-1,-1,1.98241
173,2,-1,-1,1.90678
173,3,-1,-1,1.90549
173,4,-1,-1,1.90559
173,5,-1,-1,1.91293
173,6,-1,-1,1.90668
173,7,-1,-1,1.91346
173,8,-1,-1,1.90524
173,9,-1,-1,1.90774
173,10,-1,-1,1.90765
173,11,-1,-1,1.90877
173,12,-1,-1,1.93039
173,13,-1,-1,2.00952
173,14,-1,-1,1.90301
173,15,-1,-1,1.9079
173,16,-1,-1,1.90788
173,17,-1,-1,1.90773
173,18,-1,-1,1.90682
173,19,-1,-1,1.90913
174,0,-1,-1,1.94007
174,1,-1,-1,1.98197
174,2,-1,-1,1.92779
174,3,-1,-1,1.93882
174,4,-1,-1,1.92917
174,5,-1,-1,1.92751
174,6,-1,-1,1.93428
174,7,-1,-1,1.9277
174,8,-1,-1,1.93507
174,9,-1,-1,1.92958
174,10,-1,-1,1.9268
174,11,-1,-1,1.92747
174,12,-1,-1,1.93092
174,13,-1,-1,1.93243
174,14,-1,-1,1.93556
174,15,-1,-1,1.93516
174,16,-1,-1,1.92408
174,17,-1,-1,1.932
174,18,-1,-1,1.9308
174,19,-1,-1,2.00352
175,0,-1,-1,1.94779
175,1,-1,-1,1.94653
175,2,-1,-1,1.94551
175,3,-1,-1,2.00978
175,4,-1,-1,2.07719
175,5,-1,-1,1.94794
175,6,-1,-1,1.94402
175,7,-1,-1,1.94798
175,8,-1,-1,1.94792
175,9,-1,-1,1.9456
175,10,-1,-1,1.94837
175,11,-1,-1,1.94865
175,12,-1,-1,1.95513
175,13,-1,-1,1.94668
175,14,-1,-1,1.97032
175,15,-1,-1,1.94942
175,16,-1,-1,1.9545
175,17,-1,-1,1.95724
175,18,-1,-1,1.95409
175,19,-1,-1,1.9584
176,0,-1,-1,1.97078
176,1,-1,-1,1.97304
176,2,-1,-1,2.08104
176,3,-1,-1,1.96807
176,4,-1,-1,1.97748
176,5,-1,-1,1.97061
176,6,-1,-1,1.97255
176,7,-1,-1,1.97499
176,8,-1,-1,1.97401
176,9,-1,-1,1.9687
176,10,-1,-1,1.97337
176,11,-1,-1,1.9725
176,12,-1,-1,1.97102
176,13,-1,-1,1.96845
176,14,-1,-1,2.07609
176,15,-1,-1,1.98078
176,16,-1,-1,1.97216
176,17,-1,-1,1.97831
176,18,-1,-1,1.97316
176,19,-1,-1,2.09669
177,0,-1,-1,2.09362
177,1,-1,-1,1.9951
177,2,-1,-1,1.99254
177,3,-1,-1,1.9967
177,4,-1,-1,1.99175
177,5,-1,-1,2.00268
177,6,-1,-1,2.09258
177,7,-1,-1,1.99629
177,8,-1,-1,1.99686
177,9,-1,-1,1.98663
177,10,-1,-1,1.98944
177,11,-1,-1,1.98984
177,12,-1,-1,1.99965
177,13,-1,-1,2.00141
177,14,-1,-1,1.99508
177,15,-1,-1,1.99522
177,16,-1,-1,1.99649
177,17,-1,-1,1.99488
177,18,-1,-1,1.99247
177,19,-1,-1,1.99999
178,0,-1,-1,2.02592
178,1,-1,-1,2.11408
178,2,-1,-1,2.01064
178,3,-1,-1,2.01702
178,4,-1,-1,2.01305
178,5,-1,-1,2.0883
178,6,-1,-1,2.1132
178,7,-1,-1,2.02627
178,8,-1,-1,2.09046
178,9,-1,-1,2.11297
178,10,-1,-1,2.01522
178,11,-1,-1,2.11391
178,12,-1,-1,2.11518
178,13,-1,-1,2.01876
178,14,-1,-1,2.11338
178,15,-1,-1,2.01937
178,16,-1,-1,2.01329
178,17,-1,-1,2.11569
178,18,-1,-1,2.01951
178,19,-1,-1,2.09049
179,0,-1,-1,2.03682
179,1,-1,-1,2.13548
179,2,-1,-1,2.03823
179,3,-1,-1,2.08621
179,4,-1,-1,2.03617
179,5,-1,-1,2.04379
179,6,-1,-1,2.03366
179,7,-1,-1,2.03203
179,8,-1,-1,2.03661
179,9,-1,-1,2.03389
179,10,-1,-1,2.03761
179,11,-1,-1,2.13733
179,12,-1,-1,2.03903
179,13,-1,-1,2.03942
179,14,-1,-1,2.04437
179,15,-1,-1,2.04012
179,16,-1,-1,2.0453
179,17,-1,-1,2.04596
179,18,-1,-1,2.03396
179,19,-1,-1,2.12127
180,0,-1,-1,2.06979
180,1,-1,-1,2.06583
180,2,-1,-1,2.06325
180,3,-1,-1,2.13331
180,4,-1,-1,2.107
180,5,-1,-1,2.06027
180,6,-1,-1,2.05786
180,7,-1,-1,2.20243
180,8,-1,-1,2.0607
180,9,-1,-1,2.05459
180,10,-1,-1,2.05856
180,11,-1,-1,2.05615
180,12,-1,-1,2.07076
180,13,-1,-1,2.15777
180,14,-1,-1,2.06399
180,15,-1,-1,2.05648
180,16,-1,-1,2.05864
180,17,-1,-1,2.05855
180,18,-1,-1,2.06118
180,19,-1,-1,2.05882
181,0,-1,-1,2.08507
181,1,-1,-1,2.08349
181,2,-1,-1,2.08486
181,3,-1,-1,2.18225
181,4,-1,-1,2.08622
181,5,-1,-1,2.19698
181,6,-1,-1,2.08295
181,7,-1,-1,2.0837
181,8,-1,-1,2.07834
181,9,-1,-1,2.13887
181,10,-1,-1,2.08809
181,11,-1,-1,2.08248
181,12,-1,-1,2.08443
181,13,-1,-1,2.08587
181,14,-1,-1,2.15514
181,15,-1,-1,2.07913
181,16,-1,-1,2.08972
181,17,-1,-1,2.17988
181,18,-1,-1,2.17978
181,19,-1,-1,2.18224
182,0,-1,-1,2.10879
182,1,-1,-1,2.20408
182,2,-1,-1,2.10513
182,3,-1,-1,2.1437
182,4,-1,-1,2.1057
182,5,-1,-1,2.10878
182,6,-1,-1,2.11142
182,7,-1,-1,2.10721
182,8,-1,-1,2.11565
182,9,-1,-1,2.10524
182,10,-1,-1,2.10268
182,11,-1,-1,2.1031
182,12,-1,-1,2.10462
182,13,-1,-1,2.10684
182,14,-1,-1,2.10245
182,15,-1,-1,2.10669
182,16,-1,-1,2.11049
182,17,-1,-1,2.20537
182,18,-1,-1,2.10437
182,19,-1,-1,2.10666
183,0,-1,-1,2.1261
183,1,-1,-1,2.13276
183,2,-1,-1,2.13049
183,3,-1,-1,2.13671
183,4,-1,-1,2.12323
183,5,-1,-1,2.12644
183,6,-1,-1,2.13267
183,7,-1,-1,2.1302
183,8,-1,-1,2.13597
183,9,-1,-1,2.13718
183,10,-1,-1,2.12384
183,11,-1,-1,2.23289
183,12,-1,-1,2.13109
183,13,-1,-1,2.13386
183,14,-1,-1,2.13032
183,15,-1,-1,2.12796
183,16,-1,-1,2.12413
183,17,-1,-1,2.22888
183,18,-1,-1,2.12911
183,19,-1,-1,2.12976
184,0,-1,-1,2.24588
184,1,-1,-1,2.2452
184,2,-1,-1,2.24526
184,3,-1,-1,2.1553
184,4,-1,-1,2.15776
184,5,-1,-1,2.14322
184,6,-1,-1,2.15703
184,7,-1,-1,2.14815
184,8,-1,-1,2.15902
184,9,-1,-1,2.15075
184,10,-1,-1,2.15052
184,11,-1,-1,2.14897
184,12,-1,-1,2.15529
184,13,-1,-1,2.20744
184,14,-1,-1,2.1503
184,15,-1,-1,2.1449
184,16,-1,-1,2.15381
184,17,-1,-1,2.15428
184,18,-1,-1,2.15262
184,19,-1,-1,2.15393
185,0,-1,-1,2.17795
185,1,-1,-1,2.16955
185,2,-1,-1,2.17695
185,3,-1,-1,2.17854
185,4,-1,-1,2.16868
185,5,-1,-1,2.17062
185,6,-1,-1,2.26989
185,7,-1,-1,2.24512
185,8,-1,-1,2.26867
185,9,-1,-1,2.16795
185,10,-1,-1,2.18226
185,11,-1,-1,2.17317
185,12,-1,-1,2.17064
185,13,-1,-1,2.17528
185,14,-1,-1,2.17145
185,15,-1,-1,2.27082
185,16,-1,-1,2.27471
185,17,-1,-1,2.27127
185,18,-1,-1,2.26851
185,19,-1,-1,2.24466
186,0,-1,-1,2.33596
186,1,-1,-1,2.2877
186,2,-1,-1,2.21746
186,3,-1,-1,2.22173
186,4,-1,-1,2.21331
186,5,-1,-1,2.31157
186,6,-1,-1,2.2124
186,7,-1,-1,2.21222
186,8,-1,-1,2.21802
186,9,-1,-1,2.22375
186,10,-1,-1,2.21118
186,11,-1,-1,2.21245
186,12,-1,-1,2.20855
186,13,-1,-1,2.21488
186,14,-1,-1,2.21578
186,15,-1,-1,2.21615
186,16,-1,-1,2.21203
186,17,-1,-1,2.21811
186,18,-1,-1,2.32124
186,19,-1,-1,2.2664
187,0,-1,-1,2.23924
187,1,-1,-1,2.23488
187,2,-1,-1,2.24292
187,3,-1,-1,2.34658
187,4,-1,-1,2.24076
187,5,-1,-1,2.24112
187,6,-1,-1,2.24602
187,7,-1,-1,2.2471
187,8,-1,-1,2.25351
187,9,-1,-1,2.24237
187,10,-1,-1,2.24333
187,11,-1,-1,2.29043
187,12,-1,-1,2.24138
187,13,-1,-1,2.23635
187,14,-1,-1,2.23312
187,15,-1,-1,2.25229
187,16,-1,-1,2.24698
187,17,-1,-1,2.23928
187,18,-1,-1,2.23879
187,19,-1,-1,2.23984
188,0,-1,-1,2.26506
188,1,-1,-1,2.26415
188,2,-1,-1,2.271
188,3,-1,-1,2.26757
188,4,-1,-1,2.35697
188,5,-1,-1,2.26123
188,6,-1,-1,2.3507
188,7,-1,-1,2.26679
188,8,-1,-1,2.26397
188,9,-1,-1,2.25878
188,10,-1,-1,2.27169
188,11,-1,-1,2.2782
188,12,-1,-1,2.28045
188,13,-1,-1,2.27405
188,14,-1,-1,2.26577
188,15,-1,-1,2.28147
188,16,-1,-1,2.27803
188,17,-1,-1,2.26927
188,18,-1,-1,2.26658
188,19,-1,-1,2.26253
189,0,-1,-1,2.30915
189,1,-1,-1,2.28916
189,2,-1,-1,2.28818
189,3,-1,-1,2.30173
189,4,-1,-1,2.36782
189,5,-1,-1,2.31591
189,6,-1,-1,2.28423
189,7,-1,-1,2.29242
189,8,-1,-1,2.28446
189,9,-1,-1,2.28775
189,10,-1,-1,2.28446
189,11,-1,-1,2.28508
189,12,-1,-1,2.29329
189,13,-1,-1,2.28792
189,14,-1,-1,2.28326
189,15,-1,-1,2.29266
189,16,-1,-1,2.28308
189,17,-1,-1,2.29889
189,18,-1,-1,2.2861
189,19,-1,-1,2.29919
190,0,-1,-1,2.29094
190,1,-1,-1,2.38822
190,2,-1,-1,2.29506
190,3,-1,-1,2.28814
190,4,-1,-1,2.30162
190,5,-1,-1,2.39217
190,6,-1,-1,2.28886
190,7,-1,-1,2.2908
190,8,-1,-1,2.36166
190,9,-1,-1,2.29491
190,10,-1,-1,2.29047
190,11,-1,-1,2.29409
190,12,-1,-1,2.28945
190,13,-1,-1,2.41282
190,14,-1,-1,2.28772
190,15,-1,-1,2.28966
190,16,-1,-1,2.2845
190,17,-1,-1,2.29856
190,18,-1,-1,2.29299
190,19,-1,-1,2.2922
191,0,-1,-1,2.3146
191,1,-1,-1,2.31383
191,2,-1,-1,2.32319
191,3,-1,-1,2.30804
191,4,-1,-1,2.30933
191,5,-1,-1,2.31055
191,6,-1,-1,2.30735
191,7,-1,-1,2.3073
191,8,-1,-1,2.32044
191,9,-1,-1,2.321
191,10,-1,-1,2.31184
191,11,-1,-1,2.38186
191,12,-1,-1,2.31388
191,13,-1,-1,2.31395
191,14,-1,-1,2.32002
191,15,-1,-1,2.31227
191,16,-1,-1,2.31455
191,17,-1,-1,2.31054
191,18,-1,-1,2.31904
191,19,-1,-1,2.37041
192,0,-1,-1,2.43131
192,1,-1,-1,2.43446
192,2,-1,-1,2.33729
192,3,-1,-1,2.33799
192,4,-1,-1,2.33455
192,5,-1,-1,2.43899
192,6,-1,-1,2.34085
192,7,-1,-1,2.34205
192,8,-1,-1,2.33393
192,9,-1,-1,2.40932
192,10,-1,-1,2.33496
192,11,-1,-1,2.3331
192,12,-1,-1,2.3333
192,13,-1,-1,2.33918
192,14,-1,-1,2.34155
192,15,-1,-1,2.345
192,16,-1,-1,2.33807
192,17,-1,-1,2.34778
192,18,-1,-1,2.33671
192,19,-1,-1,2.33408
193,0,-1,-1,2.45945
193,1,-1,-1,2.45596
193,2,-1,-1,2.36305
193,3,-1,-1,2.36253
193,4,-1,-1,2.36014
193,5,-1,-1,2.36395
193,6,-1,-1,2.36548
193,7,-1,-1,2.36313
193,8,-1,-1,2.36952
193,9,-1,-1,2.36136
193,10,-1,-1,2.35812
193,11,-1,-1,2.36386
193,12,-1,-1,2.36875
193,13,-1,-1,2.35643
193,14,-1,-1,2.36381
193,15,-1,-1,2.36488
193,16,-1,-1,2.35712
193,17,-1,-1,2.36653
193,18,-1,-1,2.37034
193,19,-1,-1,2.36117
194,0,-1,-1,2.38055
194,1,-1,-1,2.37815
194,2,-1,-1,2.38632
194,3,-1,-1,2.37992
194,4,-1,-1,2.38147
194,5,-1,-1,2.38174
194,6,-1,-1,2.38243
194,7,-1,-1,2.48028
194,8,-1,-1,2.38587
194,9,-1,-1,2.47539
194,10,-1,-1,2.45207
194,11,-1,-1,2.47643
194,12,-1,-1,2.38944
194,13,-1,-1,2.3878
194,14,-1,-1,2.47829
194,15,-1,-1,2.4843
194,16,-1,-1,2.47688
194,17,-1,-1,2.47711
194,18,-1,-1,2.47519
194,19,-1,-1,2.38753
195,0,-1,-1,2.40751
195,1,-1,-1,2.40764
195,2,-1,-1,2.40303
195,3,-1,-1,2.51715
195,4,-1,-1,2.40975
195,5,-1,-1,2.40465
195,6,-1,-1,2.40837
195,7,-1,-1,2.50242
195,8,-1,-1,2.40895
195,9,-1,-1,2.49929
195,10,-1,-1,2.416
195,11,-1,-1,2.41261
195,12,-1,-1,2.50339
195,13,-1,-1,2.40628
195,14,-1,-1,2.40393
195,15,-1,-1,2.4019
195,16,-1,-1,2.40406
195,17,-1,-1,2.40275
195,18,-1,-1,2.4044
195,19,-1,-1,2.41464
196,0,-1,-1,2.52816
196,1,-1,-1,2.54826
196,2,-1,-1,2.52955
196,3,-1,-1,2.43195
196,4,-1,-1,2.42997
196,5,-1,-1,2.43184
196,6,-1,-1,2.43373
196,7,-1,-1,2.42799
196,8,-1,-1,2.44142
196,9,-1,-1,2.43925
196,10,-1,-1,2.48809
196,11,-1,-1,2.43177
196,12,-1,-1,2.53328
196,13,-1,-1,2.52797
196,14,-1,-1,2.50376
196,15,-1,-1,2.43583
196,16,-1,-1,2.42946
196,17,-1,-1,2.42951
196,18,-1,-1,2.43415
196,19,-1,-1,2.42653
197,0,-1,-1,2.45681
197,1,-1,-1,2.45388
197,2,-1,-1,2.45431
197,3,-1,-1,2.45638
197,4,-1,-1,2.45556
197,5,-1,-1,2.55173
197,6,-1,-1,2.45642
197,7,-1,-1,2.45557
197,8,-1,-1,2.46026
197,9,-1,-1,2.45171
197,10,-1,-1,2.45547
197,11,-1,-1,2.45705
197,12,-1,-1,2.45873
197,13,-1,-1,2.45469
197,14,-1,-1,2.45444
197,15,-1,-1,2.45635
197,16,-1,-1,2.45675
197,17,-1,-1,2.54795
197,18,-1,-1,2.55062
197,19,-1,-1,2.54717
198,0,-1,-1,2.57756
198,1,-1,-1,2.57406
198,2,-1,-1,2.55643
198,3,-1,-1,2.57818
198,4,-1,-1,2.57539
198,5,-1,-1,2.48339
198,6,-1,-1,2.47936
198,7,-1,-1,2.57937
198,8,-1,-1,2.48541
198,9,-1,-1,2.48096
198,10,-1,-1,2.48507
198,11,-1,-1,2.48603
198,12,-1,-1,2.48072
198,13,-1,-1,2.58267
198,14,-1,-1,2.48589
198,15,-1,-1,2.48121
198,16,-1,-1,2.48358
198,17,-1,-1,2.479
198,18,-1,-1,2.57987
198,19,-1,-1,2.49483
199,0,-1,-1,2.502
199,1,-1,-1,2.51716
199,2,-1,-1,2.50918
199,3,-1,-1,2.55407
199,4,-1,-1,2.50421
199,5,-1,-1,2.50189
199,6,-1,-1,2.51068
199,7,-1,-1,2.5265
199,8,-1,-1,2.50465
199,9,-1,-1,2.59922
199,10,-1,-1,2.57557
199,11,-1,-1,2.60128
199,12,-1,-1,2.51214
199,13,-1,-1,2.51525
199,14,-1,-1,2.52428
199,15,-1,-1,2.50719
199,16,-1,-1,2.50484
199,17,-1,-1,2.55185
199,18,-1,-1,2.50567
199,19,-1,-1,2.50611
