Length,Number, MeanB, MeanBB, MeanD
1,0,-1,-1,0.012972
1,1,-1,-1,0.014169
1,2,-1,-1,0.013097
1,3,-1,-1,0.014551
1,4,-1,-1,0.014204
1,5,-1,-1,0.012904
1,6,-1,-1,0.013028
1,7,-1,-1,0.013036
1,8,-1,-1,0.013111
1,9,-1,-1,0.013072
1,10,-1,-1,0.014136
1,11,-1,-1,0.014042
1,12,-1,-1,0.014096
1,13,-1,-1,0.01305
1,14,-1,-1,0.014128
1,15,-1,-1,0.014009
1,16,-1,-1,0.013023
1,17,-1,-1,0.012806
1,18,-1,-1,0.014238
1,19,-1,-1,0.013257
2,0,-1,-1,0.009254
2,1,-1,-1,0.0088145
2,2,-1,-1,0.0096455
2,3,-1,-1,0.009187
2,4,-1,-1,0.0093385
2,5,-1,-1,0.0093515
2,6,-1,-1,0.008751
2,7,-1,-1,0.009322
2,8,-1,-1,0.009502
2,9,-1,-1,0.00942
2,10,-1,-1,0.0093295
2,11,-1,-1,0.0093445
2,12,-1,-1,0.009642
2,13,-1,-1,0.009324
2,14,-1,-1,0.009376
2,15,-1,-1,0.008779
2,16,-1,-1,0.009863
2,17,-1,-1,0.009395
2,18,-1,-1,0.008803
2,19,-1,-1,0.00951
3,0,-1,-1,0.00830033
3,1,-1,-1,0.00808233
3,2,-1,-1,0.007958
3,3,-1,-1,0.00791333
3,4,-1,-1,0.00786467
3,5,-1,-1,0.00845767
3,6,-1,-1,0.00824367
3,7,-1,-1,0.007905
3,8,-1,-1,0.00830733
3,9,-1,-1,0.00829667
3,10,-1,-1,0.007919
3,11,-1,-1,0.00825533
3,12,-1,-1,0.007983
3,13,-1,-1,0.00831667
3,14,-1,-1,0.00791933
3,15,-1,-1,0.00818733
3,16,-1,-1,0.00787733
3,17,-1,-1,0.00822733
3,18,-1,-1,0.00836567
3,19,-1,-1,0.00833133
4,0,-1,-1,0.008016
4,1,-1,-1,0.00770775
4,2,-1,-1,0.0080905
4,3,-1,-1,0.00806125
4,4,-1,-1,0.0080275
4,5,-1,-1,0.0080795
4,6,-1,-1,0.007639
4,7,-1,-1,0.00777825
4,8,-1,-1,0.008016
4,9,-1,-1,0.00778725
4,10,-1,-1,0.0077235
4,11,-1,-1,0.00770425
4,12,-1,-1,0.0078135
4,13,-1,-1,0.008103
4,14,-1,-1,0.01044
4,15,-1,-1,0.00812375
4,16,-1,-1,0.0112757
4,17,-1,-1,0.0115763
4,18,-1,-1,0.00821125
4,19,-1,-1,0.007996
5,0,-1,-1,0.0086906
5,1,-1,-1,0.0085294
5,2,-1,-1,0.0082964
5,3,-1,-1,0.0083234
5,4,-1,-1,0.008267
5,5,-1,-1,0.0082292
5,6,-1,-1,0.0084538
5,7,-1,-1,0.0085272
5,8,-1,-1,0.0085488
5,9,-1,-1,0.0087048
5,10,-1,-1,0.0083712
5,11,-1,-1,0.0082586
5,12,-1,-1,0.0083202
5,13,-1,-1,0.0082782
5,14,-1,-1,0.0083154
5,15,-1,-1,0.0083376
5,16,-1,-1,0.0086072
5,17,-1,-1,0.0085722
5,18,-1,-1,0.008553
5,19,-1,-1,0.0082848
6,0,-1,-1,0.0089415
6,1,-1,-1,0.00910783
6,2,-1,-1,0.00896583
6,3,-1,-1,0.00916183
6,4,-1,-1,0.0091545
6,5,-1,-1,0.008998
6,6,-1,-1,0.00915117
6,7,-1,-1,0.009166
6,8,-1,-1,0.009125
6,9,-1,-1,0.00912033
6,10,-1,-1,0.008911
6,11,-1,-1,0.00894533
6,12,-1,-1,0.00900467
6,13,-1,-1,0.00910817
6,14,-1,-1,0.009199
6,15,-1,-1,0.00897083
6,16,-1,-1,0.009163
6,17,-1,-1,0.009141
6,18,-1,-1,0.00909883
6,19,-1,-1,0.008963
7,0,-1,-1,0.0103044
7,1,-1,-1,0.0102256
7,2,-1,-1,0.010354
7,3,-1,-1,0.010082
7,4,-1,-1,0.010241
7,5,-1,-1,0.0103257
7,6,-1,-1,0.0102643
7,7,-1,-1,0.0105547
7,8,-1,-1,0.0102443
7,9,-1,-1,0.0100454
7,10,-1,-1,0.0102821
7,11,-1,-1,0.010266
7,12,-1,-1,0.0102343
7,13,-1,-1,0.0100761
7,14,-1,-1,0.0103209
7,15,-1,-1,0.0160339
7,16,-1,-1,0.0101816
7,17,-1,-1,0.0103156
7,18,-1,-1,0.011492
7,19,-1,-1,0.0100947
8,0,-1,-1,0.0115966
8,1,-1,-1,0.0116822
8,2,-1,-1,0.0114986
8,3,-1,-1,0.0118466
8,4,-1,-1,0.0116534
8,5,-1,-1,0.0115044
8,6,-1,-1,0.0115821
8,7,-1,-1,0.0115218
8,8,-1,-1,0.0116709
8,9,-1,-1,0.0117038
8,10,-1,-1,0.0202805
8,11,-1,-1,0.0119545
8,12,-1,-1,0.0116466
8,13,-1,-1,0.0117245
8,14,-1,-1,0.013201
8,15,-1,-1,0.0116926
8,16,-1,-1,0.0115675
8,17,-1,-1,0.0115666
8,18,-1,-1,0.0116273
8,19,-1,-1,0.0118076
9,0,-1,-1,0.0132147
9,1,-1,-1,0.0131466
9,2,-1,-1,0.0132429
9,3,-1,-1,0.0131631
9,4,-1,-1,0.0133312
9,5,-1,-1,0.0133449
9,6,-1,-1,0.0132108
9,7,-1,-1,0.0133551
9,8,-1,-1,0.0133137
9,9,-1,-1,0.0137633
9,10,-1,-1,0.0132293
9,11,-1,-1,0.0133466
9,12,-1,-1,0.0136193
9,13,-1,-1,0.0131602
9,14,-1,-1,0.0133803
9,15,-1,-1,0.0131949
9,16,-1,-1,0.0133022
9,17,-1,-1,0.0133739
9,18,-1,-1,0.0132667
9,19,-1,-1,0.0132728
10,0,-1,-1,0.0151682
10,1,-1,-1,0.0151178
10,2,-1,-1,0.0153801
10,3,-1,-1,0.0153459
10,4,-1,-1,0.015343
10,5,-1,-1,0.0151505
10,6,-1,-1,0.0151183
10,7,-1,-1,0.0151639
10,8,-1,-1,0.0152483
10,9,-1,-1,0.015279
10,10,-1,-1,0.0152681
10,11,-1,-1,0.015304
10,12,-1,-1,0.0152995
10,13,-1,-1,0.0152903
10,14,-1,-1,0.0153675
10,15,-1,-1,0.0152065
10,16,-1,-1,0.0153357
10,17,-1,-1,0.0152677
10,18,-1,-1,0.0154059
10,19,-1,-1,0.0153254
11,0,-1,-1,0.0179567
11,1,-1,-1,0.0179345
11,2,-1,-1,0.0181637
11,3,-1,-1,0.0179335
11,4,-1,-1,0.0179555
11,5,-1,-1,0.0179863
11,6,-1,-1,0.0182166
11,7,-1,-1,0.0179003
11,8,-1,-1,0.0181905
11,9,-1,-1,0.0180625
11,10,-1,-1,0.0179251
11,11,-1,-1,0.017996
11,12,-1,-1,0.0179844
11,13,-1,-1,0.0181155
11,14,-1,-1,0.0178922
11,15,-1,-1,0.0179099
11,16,-1,-1,0.0237808
11,17,-1,-1,0.0179835
11,18,-1,-1,0.0180711
11,19,-1,-1,0.0180444
12,0,-1,-1,0.0199489
12,1,-1,-1,0.0199616
12,2,-1,-1,0.019907
12,3,-1,-1,0.0241212
12,4,-1,-1,0.0211948
12,5,-1,-1,0.0200071
12,6,-1,-1,0.0244537
12,7,-1,-1,0.0199772
12,8,-1,-1,0.0199979
12,9,-1,-1,0.0198436
12,10,-1,-1,0.020056
12,11,-1,-1,0.0199242
12,12,-1,-1,0.0201126
12,13,-1,-1,0.0199471
12,14,-1,-1,0.0200182
12,15,-1,-1,0.0199329
12,16,-1,-1,0.0200129
12,17,-1,-1,0.0197682
12,18,-1,-1,0.0198893
12,19,-1,-1,0.0198876
13,0,-1,-1,0.0225946
13,1,-1,-1,0.022667
13,2,-1,-1,0.0225678
13,3,-1,-1,0.0226276
13,4,-1,-1,0.0226536
13,5,-1,-1,0.0225386
13,6,-1,-1,0.0225571
13,7,-1,-1,0.0225822
13,8,-1,-1,0.024103
13,9,-1,-1,0.0225877
13,10,-1,-1,0.0225157
13,11,-1,-1,0.0225588
13,12,-1,-1,0.0225682
13,13,-1,-1,0.0226142
13,14,-1,-1,0.0224802
13,15,-1,-1,0.0232375
13,16,-1,-1,0.0225065
13,17,-1,-1,0.0226044
13,18,-1,-1,0.0225307
13,19,-1,-1,0.0225419
14,0,-1,-1,0.0263515
14,1,-1,-1,0.0253639
14,2,-1,-1,0.0254579
14,3,-1,-1,0.0252584
14,4,-1,-1,0.0254046
14,5,-1,-1,0.0253528
14,6,-1,-1,0.0253644
14,7,-1,-1,0.0253511
14,8,-1,-1,0.0268467
14,9,-1,-1,0.0253333
14,10,-1,-1,0.0253106
14,11,-1,-1,0.0255946
14,12,-1,-1,0.0254406
14,13,-1,-1,0.0254646
14,14,-1,-1,0.0255416
14,15,-1,-1,0.0261686
14,16,-1,-1,0.0252555
14,17,-1,-1,0.0254488
14,18,-1,-1,0.0254007
14,19,-1,-1,0.0255196
15,0,-1,-1,0.0283705
15,1,-1,-1,0.0299567
15,2,-1,-1,0.0281841
15,3,-1,-1,0.0282761
15,4,-1,-1,0.0286449
15,5,-1,-1,0.0281017
15,6,-1,-1,0.0281748
15,7,-1,-1,0.0281869
15,8,-1,-1,0.0282105
15,9,-1,-1,0.030777
15,10,-1,-1,0.0280597
15,11,-1,-1,0.0281731
15,12,-1,-1,0.0281267
15,13,-1,-1,0.0281943
15,14,-1,-1,0.0280571
15,15,-1,-1,0.0282899
15,16,-1,-1,0.028154
15,17,-1,-1,0.0289402
15,18,-1,-1,0.0281947
15,19,-1,-1,0.0281563
16,0,-1,-1,0.0309006
16,1,-1,-1,0.0308943
16,2,-1,-1,0.0309079
16,3,-1,-1,0.0310622
16,4,-1,-1,0.0309023
16,5,-1,-1,0.0310942
16,6,-1,-1,0.0314213
16,7,-1,-1,0.0310726
16,8,-1,-1,0.0311103
16,9,-1,-1,0.0309505
16,10,-1,-1,0.0318728
16,11,-1,-1,0.031147
16,12,-1,-1,0.0314846
16,13,-1,-1,0.0309737
16,14,-1,-1,0.0313262
16,15,-1,-1,0.0310166
16,16,-1,-1,0.0311254
16,17,-1,-1,0.030967
16,18,-1,-1,0.0311577
16,19,-1,-1,0.0309761
17,0,-1,-1,0.0341487
17,1,-1,-1,0.0341085
17,2,-1,-1,0.0340837
17,3,-1,-1,0.0342785
17,4,-1,-1,0.0362034
17,5,-1,-1,0.0342304
17,6,-1,-1,0.0342996
17,7,-1,-1,0.0340132
17,8,-1,-1,0.0340101
17,9,-1,-1,0.0342434
17,10,-1,-1,0.0340819
17,11,-1,-1,0.0342131
17,12,-1,-1,0.0413628
17,13,-1,-1,0.034035
17,14,-1,-1,0.0348945
17,15,-1,-1,0.0343492
17,16,-1,-1,0.0341789
17,17,-1,-1,0.0348439
17,18,-1,-1,0.0343454
17,19,-1,-1,0.035449
18,0,-1,-1,0.0371037
18,1,-1,-1,0.0378864
18,2,-1,-1,0.0372983
18,3,-1,-1,0.0388297
18,4,-1,-1,0.0531379
18,5,-1,-1,0.0377712
18,6,-1,-1,0.0370383
18,7,-1,-1,0.0372179
18,8,-1,-1,0.0410085
18,9,-1,-1,0.0382794
18,10,-1,-1,0.0370955
18,11,-1,-1,0.0372069
18,12,-1,-1,0.037121
18,13,-1,-1,0.0370177
18,14,-1,-1,0.0382473
18,15,-1,-1,0.0370501
18,16,-1,-1,0.0377794
18,17,-1,-1,0.0372592
18,18,-1,-1,0.0374287
18,19,-1,-1,0.0375152
19,0,-1,-1,0.041083
19,1,-1,-1,0.0404509
19,2,-1,-1,0.0401904
19,3,-1,-1,0.0404577
19,4,-1,-1,0.0402702
19,5,-1,-1,0.0402469
19,6,-1,-1,0.0404457
19,7,-1,-1,0.0404152
19,8,-1,-1,0.0407765
19,9,-1,-1,0.0406877
19,10,-1,-1,0.0405078
19,11,-1,-1,0.0415248
19,12,-1,-1,0.0404859
19,13,-1,-1,0.0404469
19,14,-1,-1,0.0412293
19,15,-1,-1,0.0404972
19,16,-1,-1,0.0402856
19,17,-1,-1,0.0404598
19,18,-1,-1,0.040263
19,19,-1,-1,0.0447959
20,0,-1,-1,0.0446231
20,1,-1,-1,0.0435866
20,2,-1,-1,0.044424
20,3,-1,-1,0.0435015
20,4,-1,-1,0.0435626
20,5,-1,-1,0.0436854
20,6,-1,-1,0.0435851
20,7,-1,-1,0.0438096
20,8,-1,-1,0.0436101
20,9,-1,-1,0.0459149
20,10,-1,-1,0.0437587
20,11,-1,-1,0.0441692
20,12,-1,-1,0.0678658
20,13,-1,-1,0.0463707
20,14,-1,-1,0.0483573
20,15,-1,-1,0.0444427
20,16,-1,-1,0.0439322
20,17,-1,-1,0.0447766
20,18,-1,-1,0.0438341
20,19,-1,-1,0.043585
21,0,-1,-1,0.046995
21,1,-1,-1,0.0471179
21,2,-1,-1,0.0479046
21,3,-1,-1,0.0471693
21,4,-1,-1,0.0473221
21,5,-1,-1,0.0471007
21,6,-1,-1,0.0470735
21,7,-1,-1,0.047739
21,8,-1,-1,0.0470946
21,9,-1,-1,0.0470664
21,10,-1,-1,0.0470291
21,11,-1,-1,0.047012
21,12,-1,-1,0.0478195
21,13,-1,-1,0.0473105
21,14,-1,-1,0.0479485
21,15,-1,-1,0.0470834
21,16,-1,-1,0.0469977
21,17,-1,-1,0.0472217
21,18,-1,-1,0.047277
21,19,-1,-1,0.0481155
22,0,-1,-1,0.0508384
22,1,-1,-1,0.0507003
22,2,-1,-1,0.0517485
22,3,-1,-1,0.0509766
22,4,-1,-1,0.0528069
22,5,-1,-1,0.0506586
22,6,-1,-1,0.0508504
22,7,-1,-1,0.0515179
22,8,-1,-1,0.05071
22,9,-1,-1,0.0509658
22,10,-1,-1,0.0506703
22,11,-1,-1,0.0506529
22,12,-1,-1,0.0514387
22,13,-1,-1,0.0512396
22,14,-1,-1,0.0508454
22,15,-1,-1,0.0515688
22,16,-1,-1,0.0573769
22,17,-1,-1,0.065125
22,18,-1,-1,0.0516701
22,19,-1,-1,0.0506762
23,0,-1,-1,0.0548284
23,1,-1,-1,0.054883
23,2,-1,-1,0.0546417
23,3,-1,-1,0.0544008
23,4,-1,-1,0.05484
23,5,-1,-1,0.0545877
23,6,-1,-1,0.0545189
23,7,-1,-1,0.0643232
23,8,-1,-1,0.0545826
23,9,-1,-1,0.0544113
23,10,-1,-1,0.0548155
23,11,-1,-1,0.0544165
23,12,-1,-1,0.0544946
23,13,-1,-1,0.0546157
23,14,-1,-1,0.0546686
23,15,-1,-1,0.0544871
23,16,-1,-1,0.0549727
23,17,-1,-1,0.0545853
23,18,-1,-1,0.0545337
23,19,-1,-1,0.054845
24,0,-1,-1,0.0585403
24,1,-1,-1,0.0585382
24,2,-1,-1,0.058854
24,3,-1,-1,0.0584215
24,4,-1,-1,0.0586322
24,5,-1,-1,0.0588184
24,6,-1,-1,0.0588285
24,7,-1,-1,0.0587814
24,8,-1,-1,0.0588093
24,9,-1,-1,0.0592866
24,10,-1,-1,0.0583904
24,11,-1,-1,0.0586948
24,12,-1,-1,0.0590607
24,13,-1,-1,0.0587579
24,14,-1,-1,0.058824
24,15,-1,-1,0.0746322
24,16,-1,-1,0.0675249
24,17,-1,-1,0.0591043
24,18,-1,-1,0.0585483
24,19,-1,-1,0.0583649
25,0,-1,-1,0.0627068
25,1,-1,-1,0.0630664
25,2,-1,-1,0.068559
25,3,-1,-1,0.0625401
25,4,-1,-1,0.0633984
25,5,-1,-1,0.062954
25,6,-1,-1,0.0627342
25,7,-1,-1,0.0626538
25,8,-1,-1,0.0629325
25,9,-1,-1,0.0632519
25,10,-1,-1,0.0633819
25,11,-1,-1,0.062498
25,12,-1,-1,0.063231
25,13,-1,-1,0.0718507
25,14,-1,-1,0.0625263
25,15,-1,-1,0.062454
25,16,-1,-1,0.0635035
25,17,-1,-1,0.0638995
25,18,-1,-1,0.0627802
25,19,-1,-1,0.0627533
26,0,-1,-1,0.067506
26,1,-1,-1,0.0671073
26,2,-1,-1,0.0667292
26,3,-1,-1,0.0667672
26,4,-1,-1,0.066854
26,5,-1,-1,0.0693834
26,6,-1,-1,0.0691938
26,7,-1,-1,0.0673149
26,8,-1,-1,0.0669285
26,9,-1,-1,0.0667457
26,10,-1,-1,0.0717425
26,11,-1,-1,0.0677253
26,12,-1,-1,0.067317
26,13,-1,-1,0.0667404
26,14,-1,-1,0.0670097
26,15,-1,-1,0.0692128
26,16,-1,-1,0.0679244
26,17,-1,-1,0.0673901
26,18,-1,-1,0.0667032
26,19,-1,-1,0.0666688
27,0,-1,-1,0.071304
27,1,-1,-1,0.0716845
27,2,-1,-1,0.0714237
27,3,-1,-1,0.0724636
27,4,-1,-1,0.071421
27,5,-1,-1,0.0712588
27,6,-1,-1,0.0711301
27,7,-1,-1,0.0716246
27,8,-1,-1,0.0714774
27,9,-1,-1,0.0718136
27,10,-1,-1,0.0713989
27,11,-1,-1,0.0716572
27,12,-1,-1,0.0711119
27,13,-1,-1,0.0719234
27,14,-1,-1,0.0719224
27,15,-1,-1,0.0714522
27,16,-1,-1,0.07124
27,17,-1,-1,0.0713218
27,18,-1,-1,0.0719599
27,19,-1,-1,0.0715187
28,0,-1,-1,0.0761837
28,1,-1,-1,0.0795684
28,2,-1,-1,0.0769895
28,3,-1,-1,0.07663
28,4,-1,-1,0.0757992
28,5,-1,-1,0.0764533
28,6,-1,-1,0.0758436
28,7,-1,-1,0.0756843
28,8,-1,-1,0.0757669
28,9,-1,-1,0.076016
28,10,-1,-1,0.0764554
28,11,-1,-1,0.0761176
28,12,-1,-1,0.0769119
28,13,-1,-1,0.0772657
28,14,-1,-1,0.0757442
28,15,-1,-1,0.0758717
28,16,-1,-1,0.0758669
28,17,-1,-1,0.0862891
28,18,-1,-1,0.0757877
28,19,-1,-1,0.0757481
29,0,-1,-1,0.0806014
29,1,-1,-1,0.0809387
29,2,-1,-1,0.0809784
29,3,-1,-1,0.0910924
29,4,-1,-1,0.0810136
29,5,-1,-1,0.0807261
29,6,-1,-1,0.0807845
29,7,-1,-1,0.0810391
29,8,-1,-1,0.0809112
29,9,-1,-1,0.0828122
29,10,-1,-1,0.129841
29,11,-1,-1,0.0806741
29,12,-1,-1,0.0804778
29,13,-1,-1,0.0808601
29,14,-1,-1,0.0806146
29,15,-1,-1,0.0809712
29,16,-1,-1,0.0808064
29,17,-1,-1,0.0808367
29,18,-1,-1,0.0806228
29,19,-1,-1,0.0817982
30,0,-1,-1,0.0862781
30,1,-1,-1,0.0860102
30,2,-1,-1,0.0858366
30,3,-1,-1,0.0897705
30,4,-1,-1,0.0855921
30,5,-1,-1,0.0862184
30,6,-1,-1,0.0858127
30,7,-1,-1,0.0863931
30,8,-1,-1,0.085947
30,9,-1,-1,0.086264
30,10,-1,-1,0.0858987
30,11,-1,-1,0.0860238
30,12,-1,-1,0.0860222
30,13,-1,-1,0.0862985
30,14,-1,-1,0.0859349
30,15,-1,-1,0.0860472
30,16,-1,-1,0.0950286
30,17,-1,-1,0.0855762
30,18,-1,-1,0.0858488
30,19,-1,-1,0.0854498
31,0,-1,-1,0.0909094
31,1,-1,-1,0.0905992
31,2,-1,-1,0.0907561
31,3,-1,-1,0.0919032
31,4,-1,-1,0.0909182
31,5,-1,-1,0.0913489
31,6,-1,-1,0.0914301
31,7,-1,-1,0.0907333
31,8,-1,-1,0.0910168
31,9,-1,-1,0.0916302
31,10,-1,-1,0.0908179
31,11,-1,-1,0.0913707
31,12,-1,-1,0.0910552
31,13,-1,-1,0.0913405
31,14,-1,-1,0.0913061
31,15,-1,-1,0.0911355
31,16,-1,-1,0.0906702
31,17,-1,-1,0.0906303
31,18,-1,-1,0.0906311
31,19,-1,-1,0.0906899
32,0,-1,-1,0.0957804
32,1,-1,-1,0.117197
32,2,-1,-1,0.0958439
32,3,-1,-1,0.0964865
32,4,-1,-1,0.0963464
32,5,-1,-1,0.0958996
32,6,-1,-1,0.0985974
32,7,-1,-1,0.0967264
32,8,-1,-1,0.0961085
32,9,-1,-1,0.0962715
32,10,-1,-1,0.0962973
32,11,-1,-1,0.0961763
32,12,-1,-1,0.0959493
32,13,-1,-1,0.0955623
32,14,-1,-1,0.0976785
32,15,-1,-1,0.0963798
32,16,-1,-1,0.0964318
32,17,-1,-1,0.0959618
32,18,-1,-1,0.0961188
32,19,-1,-1,0.0963288
33,0,-1,-1,0.101507
33,1,-1,-1,0.108759
33,2,-1,-1,0.101621
33,3,-1,-1,0.101563
33,4,-1,-1,0.112151
33,5,-1,-1,0.101734
33,6,-1,-1,0.101393
33,7,-1,-1,0.101361
33,8,-1,-1,0.108711
33,9,-1,-1,0.101983
33,10,-1,-1,0.101666
33,11,-1,-1,0.101464
33,12,-1,-1,0.101499
33,13,-1,-1,0.101255
33,14,-1,-1,0.101304
33,15,-1,-1,0.101024
33,16,-1,-1,0.101966
33,17,-1,-1,0.101785
33,18,-1,-1,0.101437
33,19,-1,-1,0.101296
34,0,-1,-1,0.106497
34,1,-1,-1,0.107769
34,2,-1,-1,0.107088
34,3,-1,-1,0.106808
34,4,-1,-1,0.106881
34,5,-1,-1,0.108723
34,6,-1,-1,0.107236
34,7,-1,-1,0.107035
34,8,-1,-1,0.107966
34,9,-1,-1,0.107173
34,10,-1,-1,0.107263
34,11,-1,-1,0.10702
34,12,-1,-1,0.106903
34,13,-1,-1,0.106656
34,14,-1,-1,0.106899
34,15,-1,-1,0.106762
34,16,-1,-1,0.107122
34,17,-1,-1,0.106806
34,18,-1,-1,0.106857
34,19,-1,-1,0.107072
35,0,-1,-1,0.112264
35,1,-1,-1,0.113089
35,2,-1,-1,0.113094
35,3,-1,-1,0.11225
35,4,-1,-1,0.112321
35,5,-1,-1,0.132556
35,6,-1,-1,0.112752
35,7,-1,-1,0.118475
35,8,-1,-1,0.112344
35,9,-1,-1,0.112779
35,10,-1,-1,0.112956
35,11,-1,-1,0.113028
35,12,-1,-1,0.112595
35,13,-1,-1,0.125488
35,14,-1,-1,0.112496
35,15,-1,-1,0.112518
35,16,-1,-1,0.112352
35,17,-1,-1,0.112757
35,18,-1,-1,0.112382
35,19,-1,-1,0.112901
36,0,-1,-1,0.11862
36,1,-1,-1,0.11835
36,2,-1,-1,0.118559
36,3,-1,-1,0.118685
36,4,-1,-1,0.16646
36,5,-1,-1,0.118974
36,6,-1,-1,0.118213
36,7,-1,-1,0.118882
36,8,-1,-1,0.12623
36,9,-1,-1,0.118218
36,10,-1,-1,0.118293
36,11,-1,-1,0.118464
36,12,-1,-1,0.118277
36,13,-1,-1,0.118003
36,14,-1,-1,0.118184
36,15,-1,-1,0.11811
36,16,-1,-1,0.127342
36,17,-1,-1,0.118131
36,18,-1,-1,0.118405
36,19,-1,-1,0.118066
37,0,-1,-1,0.124653
37,1,-1,-1,0.124158
37,2,-1,-1,0.144358
37,3,-1,-1,0.124491
37,4,-1,-1,0.125701
37,5,-1,-1,0.125087
37,6,-1,-1,0.124327
37,7,-1,-1,0.124008
37,8,-1,-1,0.123985
37,9,-1,-1,0.125005
37,10,-1,-1,0.123887
37,11,-1,-1,0.124152
37,12,-1,-1,0.131312
37,13,-1,-1,0.124444
37,14,-1,-1,0.124071
37,15,-1,-1,0.124259
37,16,-1,-1,0.124914
37,17,-1,-1,0.124628
37,18,-1,-1,0.125898
37,19,-1,-1,0.142481
38,0,-1,-1,0.13207
38,1,-1,-1,0.130941
38,2,-1,-1,0.130151
38,3,-1,-1,0.131999
38,4,-1,-1,0.131902
38,5,-1,-1,0.130806
38,6,-1,-1,0.130083
38,7,-1,-1,0.129981
38,8,-1,-1,0.154555
38,9,-1,-1,0.130562
38,10,-1,-1,0.130473
38,11,-1,-1,0.133884
38,12,-1,-1,0.130474
38,13,-1,-1,0.131849
38,14,-1,-1,0.130129
38,15,-1,-1,0.131497
38,16,-1,-1,0.131717
38,17,-1,-1,0.130358
38,18,-1,-1,0.130448
38,19,-1,-1,0.132861
39,0,-1,-1,0.137591
39,1,-1,-1,0.137366
39,2,-1,-1,0.137046
39,3,-1,-1,0.14481
39,4,-1,-1,0.136464
39,5,-1,-1,0.136268
39,6,-1,-1,0.136878
39,7,-1,-1,0.136542
39,8,-1,-1,0.144525
39,9,-1,-1,0.136751
39,10,-1,-1,0.136642
39,11,-1,-1,0.141462
39,12,-1,-1,0.13827
39,13,-1,-1,0.136306
39,14,-1,-1,0.13744
39,15,-1,-1,0.136642
39,16,-1,-1,0.136302
39,17,-1,-1,0.137005
39,18,-1,-1,0.144033
39,19,-1,-1,0.136174
40,0,-1,-1,0.142815
40,1,-1,-1,0.143928
40,2,-1,-1,0.148918
40,3,-1,-1,0.142349
40,4,-1,-1,0.142654
40,5,-1,-1,0.148347
40,6,-1,-1,0.146043
40,7,-1,-1,0.142941
40,8,-1,-1,0.142944
40,9,-1,-1,0.143054
40,10,-1,-1,0.143704
40,11,-1,-1,0.142749
40,12,-1,-1,0.142692
40,13,-1,-1,0.14305
40,14,-1,-1,0.14318
40,15,-1,-1,0.143126
40,16,-1,-1,0.144116
40,17,-1,-1,0.143774
40,18,-1,-1,0.142804
40,19,-1,-1,0.144104
41,0,-1,-1,0.22823
41,1,-1,-1,0.149891
41,2,-1,-1,0.149535
41,3,-1,-1,0.1499
41,4,-1,-1,0.151165
41,5,-1,-1,0.149356
41,6,-1,-1,0.149386
41,7,-1,-1,0.149299
41,8,-1,-1,0.149603
41,9,-1,-1,0.149443
41,10,-1,-1,0.149321
41,11,-1,-1,0.149317
41,12,-1,-1,0.149622
41,13,-1,-1,0.169563
41,14,-1,-1,0.150218
41,15,-1,-1,0.151174
41,16,-1,-1,0.149719
41,17,-1,-1,0.155812
41,18,-1,-1,0.149397
41,19,-1,-1,0.149444
42,0,-1,-1,0.156292
42,1,-1,-1,0.156175
42,2,-1,-1,0.156498
42,3,-1,-1,0.156444
42,4,-1,-1,0.156416
42,5,-1,-1,0.156824
42,6,-1,-1,0.170987
42,7,-1,-1,0.159392
42,8,-1,-1,0.156209
42,9,-1,-1,0.156395
42,10,-1,-1,0.156653
42,11,-1,-1,0.157321
42,12,-1,-1,0.156202
42,13,-1,-1,0.156798
42,14,-1,-1,0.156297
42,15,-1,-1,0.156247
42,16,-1,-1,0.156375
42,17,-1,-1,0.156035
42,18,-1,-1,0.158469
42,19,-1,-1,0.157142
43,0,-1,-1,0.165046
43,1,-1,-1,0.163163
43,2,-1,-1,0.163432
43,3,-1,-1,0.163099
43,4,-1,-1,0.162766
43,5,-1,-1,0.163422
43,6,-1,-1,0.163168
43,7,-1,-1,0.163185
43,8,-1,-1,0.162924
43,9,-1,-1,0.162823
43,10,-1,-1,0.162891
43,11,-1,-1,0.163152
43,12,-1,-1,0.168167
43,13,-1,-1,0.162917
43,14,-1,-1,0.164424
43,15,-1,-1,0.162992
43,16,-1,-1,0.162872
43,17,-1,-1,0.162706
43,18,-1,-1,0.163271
43,19,-1,-1,0.16308
44,0,-1,-1,0.169989
44,1,-1,-1,0.169994
44,2,-1,-1,0.169993
44,3,-1,-1,0.204405
44,4,-1,-1,0.170996
44,5,-1,-1,0.170116
44,6,-1,-1,0.1774
44,7,-1,-1,0.170262
44,8,-1,-1,0.171377
44,9,-1,-1,0.170101
44,10,-1,-1,0.169889
44,11,-1,-1,0.170368
44,12,-1,-1,0.16985
44,13,-1,-1,0.170137
44,14,-1,-1,0.169969
44,15,-1,-1,0.172236
44,16,-1,-1,0.170715
44,17,-1,-1,0.169934
44,18,-1,-1,0.169966
44,19,-1,-1,0.171033
45,0,-1,-1,0.177295
45,1,-1,-1,0.17728
45,2,-1,-1,0.177166
45,3,-1,-1,0.176928
45,4,-1,-1,0.177505
45,5,-1,-1,0.177214
45,6,-1,-1,0.187666
45,7,-1,-1,0.177996
45,8,-1,-1,0.177157
45,9,-1,-1,0.179031
45,10,-1,-1,0.178668
45,11,-1,-1,0.177202
45,12,-1,-1,0.177076
45,13,-1,-1,0.176752
45,14,-1,-1,0.177768
45,15,-1,-1,0.17712
45,16,-1,-1,0.178658
45,17,-1,-1,0.189815
45,18,-1,-1,0.178041
45,19,-1,-1,0.176797
46,0,-1,-1,0.185992
46,1,-1,-1,0.185068
46,2,-1,-1,0.18439
46,3,-1,-1,0.190327
46,4,-1,-1,0.184487
46,5,-1,-1,0.184938
46,6,-1,-1,0.185625
46,7,-1,-1,0.184324
46,8,-1,-1,0.188681
46,9,-1,-1,0.189188
46,10,-1,-1,0.18607
46,11,-1,-1,0.184887
46,12,-1,-1,0.184404
46,13,-1,-1,0.192667
46,14,-1,-1,0.184422
46,15,-1,-1,0.184364
46,16,-1,-1,0.192298
46,17,-1,-1,0.184441
46,18,-1,-1,0.185749
46,19,-1,-1,0.185872
47,0,-1,-1,0.19204
47,1,-1,-1,0.19208
47,2,-1,-1,0.196939
47,3,-1,-1,0.192359
47,4,-1,-1,0.192495
47,5,-1,-1,0.191671
47,6,-1,-1,0.193811
47,7,-1,-1,0.191553
47,8,-1,-1,0.196572
47,9,-1,-1,0.194282
47,10,-1,-1,0.191852
47,11,-1,-1,0.192185
47,12,-1,-1,0.192198
47,13,-1,-1,0.192935
47,14,-1,-1,0.19209
47,15,-1,-1,0.198538
47,16,-1,-1,0.191942
47,17,-1,-1,0.191716
47,18,-1,-1,0.214644
47,19,-1,-1,0.192191
48,0,-1,-1,0.199525
48,1,-1,-1,0.19988
48,2,-1,-1,0.199334
48,3,-1,-1,0.199269
48,4,-1,-1,0.218816
48,5,-1,-1,0.199941
48,6,-1,-1,0.199423
48,7,-1,-1,0.200234
48,8,-1,-1,0.209006
48,9,-1,-1,0.199173
48,10,-1,-1,0.218041
48,11,-1,-1,0.199564
48,12,-1,-1,0.199437
48,13,-1,-1,0.20015
48,14,-1,-1,0.199752
48,15,-1,-1,0.199414
48,16,-1,-1,0.211637
48,17,-1,-1,0.20913
48,18,-1,-1,0.200348
48,19,-1,-1,0.199484
49,0,-1,-1,0.207144
49,1,-1,-1,0.207023
49,2,-1,-1,0.206964
49,3,-1,-1,0.20698
49,4,-1,-1,0.207189
49,5,-1,-1,0.220266
49,6,-1,-1,0.209814
49,7,-1,-1,0.213742
49,8,-1,-1,0.206803
49,9,-1,-1,0.207189
49,10,-1,-1,0.208018
49,11,-1,-1,0.207152
49,12,-1,-1,0.209648
49,13,-1,-1,0.209262
49,14,-1,-1,0.239691
49,15,-1,-1,0.209012
49,16,-1,-1,0.208129
49,17,-1,-1,0.207166
49,18,-1,-1,0.208327
49,19,-1,-1,0.207344
50,0,-1,-1,0.215033
50,1,-1,-1,0.215334
50,2,-1,-1,0.215197
50,3,-1,-1,0.224286
50,4,-1,-1,0.215085
50,5,-1,-1,0.215269
50,6,-1,-1,0.222139
50,7,-1,-1,0.21533
50,8,-1,-1,0.215198
50,9,-1,-1,0.215421
50,10,-1,-1,0.215031
50,11,-1,-1,0.215919
50,12,-1,-1,0.311522
50,13,-1,-1,0.215155
50,14,-1,-1,0.216273
50,15,-1,-1,0.215398
50,16,-1,-1,0.217271
50,17,-1,-1,0.215026
50,18,-1,-1,0.215519
50,19,-1,-1,0.216196
51,0,-1,-1,0.223431
51,1,-1,-1,0.238184
51,2,-1,-1,0.223891
51,3,-1,-1,0.223505
51,4,-1,-1,0.222994
51,5,-1,-1,0.223186
51,6,-1,-1,0.229346
51,7,-1,-1,0.223018
51,8,-1,-1,0.22307
51,9,-1,-1,0.248157
51,10,-1,-1,0.224454
51,11,-1,-1,0.224527
51,12,-1,-1,0.224519
51,13,-1,-1,0.223226
51,14,-1,-1,0.223356
51,15,-1,-1,0.222979
51,16,-1,-1,0.222975
51,17,-1,-1,0.233715
51,18,-1,-1,0.224628
51,19,-1,-1,0.222713
52,0,-1,-1,0.231504
52,1,-1,-1,0.231111
52,2,-1,-1,0.237027
52,3,-1,-1,0.23102
52,4,-1,-1,0.239211
52,5,-1,-1,0.234746
52,6,-1,-1,0.232005
52,7,-1,-1,0.231548
52,8,-1,-1,0.231157
52,9,-1,-1,0.231809
52,10,-1,-1,0.231343
52,11,-1,-1,0.232787
52,12,-1,-1,0.231538
52,13,-1,-1,0.355057
52,14,-1,-1,0.231055
52,15,-1,-1,0.231231
52,16,-1,-1,0.237748
52,17,-1,-1,0.231177
52,18,-1,-1,0.232947
52,19,-1,-1,0.231209
53,0,-1,-1,0.240859
53,1,-1,-1,0.254899
53,2,-1,-1,0.241181
53,3,-1,-1,0.240963
53,4,-1,-1,0.239626
53,5,-1,-1,0.257668
53,6,-1,-1,0.23944
53,7,-1,-1,0.239882
53,8,-1,-1,0.239805
53,9,-1,-1,0.24184
53,10,-1,-1,0.256999
53,11,-1,-1,0.239747
53,12,-1,-1,0.241758
53,13,-1,-1,0.239584
53,14,-1,-1,0.240727
53,15,-1,-1,0.240015
53,16,-1,-1,0.269746
53,17,-1,-1,0.240674
53,18,-1,-1,0.239527
53,19,-1,-1,0.239627
54,0,-1,-1,0.249656
54,1,-1,-1,0.250613
54,2,-1,-1,0.248929
54,3,-1,-1,0.248612
54,4,-1,-1,0.249125
54,5,-1,-1,0.249118
54,6,-1,-1,0.248421
54,7,-1,-1,0.24849
54,8,-1,-1,0.248363
54,9,-1,-1,0.248605
54,10,-1,-1,0.253762
54,11,-1,-1,0.24852
54,12,-1,-1,0.250522
54,13,-1,-1,0.248726
54,14,-1,-1,0.248524
54,15,-1,-1,0.248376
54,16,-1,-1,0.252358
54,17,-1,-1,0.251917
54,18,-1,-1,0.300976
54,19,-1,-1,0.248417
55,0,-1,-1,0.257761
55,1,-1,-1,0.257822
55,2,-1,-1,0.257237
55,3,-1,-1,0.258288
55,4,-1,-1,0.267663
55,5,-1,-1,0.257304
55,6,-1,-1,0.257534
55,7,-1,-1,0.257876
55,8,-1,-1,0.258046
55,9,-1,-1,0.274081
55,10,-1,-1,0.257206
55,11,-1,-1,0.277747
55,12,-1,-1,0.258337
55,13,-1,-1,0.257097
55,14,-1,-1,0.257167
55,15,-1,-1,0.257174
55,16,-1,-1,0.25773
55,17,-1,-1,0.278559
55,18,-1,-1,0.262003
55,19,-1,-1,0.261867
56,0,-1,-1,0.265965
56,1,-1,-1,0.266293
56,2,-1,-1,0.266241
56,3,-1,-1,0.284605
56,4,-1,-1,0.26622
56,5,-1,-1,0.275503
56,6,-1,-1,0.265831
56,7,-1,-1,0.266463
56,8,-1,-1,0.266028
56,9,-1,-1,0.269408
56,10,-1,-1,0.266067
56,11,-1,-1,0.272661
56,12,-1,-1,0.280214
56,13,-1,-1,0.283006
56,14,-1,-1,0.266222
56,15,-1,-1,0.266106
56,16,-1,-1,0.265917
56,17,-1,-1,0.266385
56,18,-1,-1,0.266661
56,19,-1,-1,0.272743
57,0,-1,-1,0.275528
57,1,-1,-1,0.275036
57,2,-1,-1,0.274839
57,3,-1,-1,0.279561
57,4,-1,-1,0.27655
57,5,-1,-1,0.280632
57,6,-1,-1,0.290865
57,7,-1,-1,0.275146
57,8,-1,-1,0.27515
57,9,-1,-1,0.275316
57,10,-1,-1,0.281253
57,11,-1,-1,0.276272
57,12,-1,-1,0.276598
57,13,-1,-1,0.275153
57,14,-1,-1,0.274809
57,15,-1,-1,0.278452
57,16,-1,-1,0.284653
57,17,-1,-1,0.275061
57,18,-1,-1,0.29184
57,19,-1,-1,0.275156
58,0,-1,-1,0.283985
58,1,-1,-1,0.288632
58,2,-1,-1,0.293817
58,3,-1,-1,0.294556
58,4,-1,-1,0.284405
58,5,-1,-1,0.285767
58,6,-1,-1,0.28399
58,7,-1,-1,0.284035
58,8,-1,-1,0.289953
58,9,-1,-1,0.285094
58,10,-1,-1,0.285992
58,11,-1,-1,0.28432
58,12,-1,-1,0.283826
58,13,-1,-1,0.286532
58,14,-1,-1,0.289301
58,15,-1,-1,0.283671
58,16,-1,-1,0.285785
58,17,-1,-1,0.284049
58,18,-1,-1,0.284396
58,19,-1,-1,0.284752
59,0,-1,-1,0.304008
59,1,-1,-1,0.294225
59,2,-1,-1,0.293146
59,3,-1,-1,0.308405
59,4,-1,-1,0.293127
59,5,-1,-1,0.293896
59,6,-1,-1,0.299406
59,7,-1,-1,0.292967
59,8,-1,-1,0.310516
59,9,-1,-1,0.29311
59,10,-1,-1,0.293092
59,11,-1,-1,0.293203
59,12,-1,-1,0.29611
59,13,-1,-1,0.295849
59,14,-1,-1,0.294326
59,15,-1,-1,0.299203
59,16,-1,-1,0.293941
59,17,-1,-1,0.310441
59,18,-1,-1,0.300616
59,19,-1,-1,0.294258
60,0,-1,-1,0.303896
60,1,-1,-1,0.302669
60,2,-1,-1,0.302508
60,3,-1,-1,0.303048
60,4,-1,-1,0.311073
60,5,-1,-1,0.303749
60,6,-1,-1,0.30341
60,7,-1,-1,0.302581
60,8,-1,-1,0.307895
60,9,-1,-1,0.30283
60,10,-1,-1,0.31137
60,11,-1,-1,0.302754
60,12,-1,-1,0.302602
60,13,-1,-1,0.302771
60,14,-1,-1,0.303115
60,15,-1,-1,0.303004
60,16,-1,-1,0.303928
60,17,-1,-1,0.309097
60,18,-1,-1,0.31835
60,19,-1,-1,0.302855
61,0,-1,-1,0.312431
61,1,-1,-1,0.31674
61,2,-1,-1,0.317785
61,3,-1,-1,0.312248
61,4,-1,-1,0.313919
61,5,-1,-1,0.313554
61,6,-1,-1,0.311657
61,7,-1,-1,0.312672
61,8,-1,-1,0.312391
61,9,-1,-1,0.312523
61,10,-1,-1,0.312223
61,11,-1,-1,0.329207
61,12,-1,-1,0.31462
61,13,-1,-1,0.312045
61,14,-1,-1,0.313287
61,15,-1,-1,0.312116
61,16,-1,-1,0.334388
61,17,-1,-1,0.312858
61,18,-1,-1,0.311988
61,19,-1,-1,0.318063
62,0,-1,-1,0.323858
62,1,-1,-1,0.334512
62,2,-1,-1,0.327755
62,3,-1,-1,0.326542
62,4,-1,-1,0.321932
62,5,-1,-1,0.321868
62,6,-1,-1,0.323466
62,7,-1,-1,0.322566
62,8,-1,-1,0.321588
62,9,-1,-1,0.322591
62,10,-1,-1,0.322466
62,11,-1,-1,0.323439
62,12,-1,-1,0.32211
62,13,-1,-1,0.321706
62,14,-1,-1,0.322864
62,15,-1,-1,0.322907
62,16,-1,-1,0.327509
62,17,-1,-1,0.329706
62,18,-1,-1,0.32184
62,19,-1,-1,0.333373
63,0,-1,-1,0.332861
63,1,-1,-1,0.333002
63,2,-1,-1,0.330928
63,3,-1,-1,0.336265
63,4,-1,-1,0.346059
63,5,-1,-1,0.333192
63,6,-1,-1,0.332889
63,7,-1,-1,0.332609
63,8,-1,-1,0.332836
63,9,-1,-1,0.347939
63,10,-1,-1,0.338901
63,11,-1,-1,0.336068
63,12,-1,-1,0.331967
63,13,-1,-1,0.333353
63,14,-1,-1,0.337166
63,15,-1,-1,0.332241
63,16,-1,-1,0.337068
63,17,-1,-1,0.332423
63,18,-1,-1,0.332842
63,19,-1,-1,0.337751
64,0,-1,-1,0.343058
64,1,-1,-1,0.342882
64,2,-1,-1,0.342889
64,3,-1,-1,0.342893
64,4,-1,-1,0.342615
64,5,-1,-1,0.346901
64,6,-1,-1,0.368002
64,7,-1,-1,0.345943
64,8,-1,-1,0.341453
64,9,-1,-1,0.343264
64,10,-1,-1,0.341469
64,11,-1,-1,0.350103
64,12,-1,-1,0.343467
64,13,-1,-1,0.342236
64,14,-1,-1,0.343221
64,15,-1,-1,0.341591
64,16,-1,-1,0.366068
64,17,-1,-1,0.343587
64,18,-1,-1,0.342429
64,19,-1,-1,0.341284
65,0,-1,-1,0.353219
65,1,-1,-1,0.353439
65,2,-1,-1,0.35196
65,3,-1,-1,0.352628
65,4,-1,-1,0.355593
65,5,-1,-1,0.353156
65,6,-1,-1,0.422544
65,7,-1,-1,0.351576
65,8,-1,-1,0.353014
65,9,-1,-1,0.351927
65,10,-1,-1,0.352552
65,11,-1,-1,0.360566
65,12,-1,-1,0.353272
65,13,-1,-1,0.356467
65,14,-1,-1,0.3554
65,15,-1,-1,0.351508
65,16,-1,-1,0.357749
65,17,-1,-1,0.351799
65,18,-1,-1,0.351542
65,19,-1,-1,0.351487
66,0,-1,-1,0.375911
66,1,-1,-1,0.364022
66,2,-1,-1,0.363983
66,3,-1,-1,0.362528
66,4,-1,-1,0.364089
66,5,-1,-1,0.372727
66,6,-1,-1,0.364954
66,7,-1,-1,0.365463
66,8,-1,-1,0.364194
66,9,-1,-1,0.430999
66,10,-1,-1,0.362629
66,11,-1,-1,0.361871
66,12,-1,-1,0.365001
66,13,-1,-1,0.365006
66,14,-1,-1,0.364033
66,15,-1,-1,0.367375
66,16,-1,-1,0.388175
66,17,-1,-1,0.363811
66,18,-1,-1,0.364382
66,19,-1,-1,0.365696
67,0,-1,-1,0.37929
67,1,-1,-1,0.377342
67,2,-1,-1,0.373269
67,3,-1,-1,0.372363
67,4,-1,-1,0.380126
67,5,-1,-1,0.373684
67,6,-1,-1,0.372277
67,7,-1,-1,0.372045
67,8,-1,-1,0.373721
67,9,-1,-1,0.375831
67,10,-1,-1,0.373008
67,11,-1,-1,0.372507
67,12,-1,-1,0.375387
67,13,-1,-1,0.373545
67,14,-1,-1,0.372329
67,15,-1,-1,0.373774
67,16,-1,-1,0.404024
67,17,-1,-1,0.373775
67,18,-1,-1,0.373279
67,19,-1,-1,0.372985
68,0,-1,-1,0.388197
68,1,-1,-1,0.384329
68,2,-1,-1,0.382926
68,3,-1,-1,0.387078
68,4,-1,-1,0.395007
68,5,-1,-1,0.388381
68,6,-1,-1,0.382933
68,7,-1,-1,0.385925
68,8,-1,-1,0.439362
68,9,-1,-1,0.397415
68,10,-1,-1,0.383343
68,11,-1,-1,0.384798
68,12,-1,-1,0.389837
68,13,-1,-1,0.382965
68,14,-1,-1,0.383433
68,15,-1,-1,0.383235
68,16,-1,-1,0.395501
68,17,-1,-1,0.383361
68,18,-1,-1,0.387722
68,19,-1,-1,0.387729
69,0,-1,-1,0.445072
69,1,-1,-1,0.393827
69,2,-1,-1,0.396699
69,3,-1,-1,0.395092
69,4,-1,-1,0.40448
69,5,-1,-1,0.394034
69,6,-1,-1,0.396628
69,7,-1,-1,0.394844
69,8,-1,-1,0.402229
69,9,-1,-1,0.393664
69,10,-1,-1,0.396178
69,11,-1,-1,0.393997
69,12,-1,-1,0.419291
69,13,-1,-1,0.395167
69,14,-1,-1,0.394927
69,15,-1,-1,0.395288
69,16,-1,-1,0.458956
69,17,-1,-1,0.394707
69,18,-1,-1,0.398385
69,19,-1,-1,0.393761
70,0,-1,-1,0.417711
70,1,-1,-1,0.40576
70,2,-1,-1,0.4056
70,3,-1,-1,0.407557
70,4,-1,-1,0.414099
70,5,-1,-1,0.40467
70,6,-1,-1,0.40486
70,7,-1,-1,0.404937
70,8,-1,-1,0.44013
70,9,-1,-1,0.408142
70,10,-1,-1,0.405782
70,11,-1,-1,0.406116
70,12,-1,-1,0.412567
70,13,-1,-1,0.409307
70,14,-1,-1,0.405108
70,15,-1,-1,0.409136
70,16,-1,-1,0.417968
70,17,-1,-1,0.404291
70,18,-1,-1,0.404902
70,19,-1,-1,0.409743
71,0,-1,-1,0.481638
71,1,-1,-1,0.429512
71,2,-1,-1,0.415731
71,3,-1,-1,0.415614
71,4,-1,-1,0.428562
71,5,-1,-1,0.42904
71,6,-1,-1,0.416389
71,7,-1,-1,0.421893
71,8,-1,-1,0.440881
71,9,-1,-1,0.415636
71,10,-1,-1,0.418571
71,11,-1,-1,0.42894
71,12,-1,-1,0.420945
71,13,-1,-1,0.416006
71,14,-1,-1,0.41675
71,15,-1,-1,0.419921
71,16,-1,-1,0.417241
71,17,-1,-1,0.42072
71,18,-1,-1,0.415816
71,19,-1,-1,0.41577
72,0,-1,-1,0.428899
72,1,-1,-1,0.431369
72,2,-1,-1,0.434747
72,3,-1,-1,0.439615
72,4,-1,-1,0.438303
72,5,-1,-1,0.427111
72,6,-1,-1,0.434747
72,7,-1,-1,0.430313
72,8,-1,-1,0.441072
72,9,-1,-1,0.426988
72,10,-1,-1,0.427299
72,11,-1,-1,0.427127
72,12,-1,-1,0.43935
72,13,-1,-1,0.427196
72,14,-1,-1,0.430227
72,15,-1,-1,0.428935
72,16,-1,-1,0.429035
72,17,-1,-1,0.427193
72,18,-1,-1,0.431037
72,19,-1,-1,0.427262
73,0,-1,-1,0.443737
73,1,-1,-1,0.442498
73,2,-1,-1,0.440104
73,3,-1,-1,0.440316
73,4,-1,-1,0.439154
73,5,-1,-1,0.446152
73,6,-1,-1,0.438132
73,7,-1,-1,0.439386
73,8,-1,-1,0.451243
73,9,-1,-1,0.439294
73,10,-1,-1,0.444077
73,11,-1,-1,0.438186
73,12,-1,-1,0.441671
73,13,-1,-1,0.442786
73,14,-1,-1,0.439862
73,15,-1,-1,0.43934
73,16,-1,-1,0.438203
73,17,-1,-1,0.443111
73,18,-1,-1,0.43885
73,19,-1,-1,0.438182
74,0,-1,-1,0.497915
74,1,-1,-1,0.449615
74,2,-1,-1,0.462337
74,3,-1,-1,0.451488
74,4,-1,-1,0.45094
74,5,-1,-1,0.471746
74,6,-1,-1,0.450278
74,7,-1,-1,0.449443
74,8,-1,-1,0.478261
74,9,-1,-1,0.458502
74,10,-1,-1,0.454279
74,11,-1,-1,0.469667
74,12,-1,-1,0.449926
74,13,-1,-1,0.450629
74,14,-1,-1,0.457633
74,15,-1,-1,0.453492
74,16,-1,-1,0.463932
74,17,-1,-1,0.458227
74,18,-1,-1,0.460727
74,19,-1,-1,0.449359
75,0,-1,-1,0.474171
75,1,-1,-1,0.467778
75,2,-1,-1,0.461756
75,3,-1,-1,0.471998
75,4,-1,-1,0.462423
75,5,-1,-1,0.461612
75,6,-1,-1,0.46432
75,7,-1,-1,0.463716
75,8,-1,-1,0.461845
75,9,-1,-1,0.466967
75,10,-1,-1,0.477248
75,11,-1,-1,0.461626
75,12,-1,-1,0.46512
75,13,-1,-1,0.461198
75,14,-1,-1,0.461719
75,15,-1,-1,0.465891
75,16,-1,-1,0.460929
75,17,-1,-1,0.462555
75,18,-1,-1,0.522113
75,19,-1,-1,0.461202
76,0,-1,-1,0.486449
76,1,-1,-1,0.532055
76,2,-1,-1,0.485885
76,3,-1,-1,0.473783
76,4,-1,-1,0.480222
76,5,-1,-1,0.475209
76,6,-1,-1,0.474564
76,7,-1,-1,0.482246
76,8,-1,-1,0.474727
76,9,-1,-1,0.472682
76,10,-1,-1,0.492254
76,11,-1,-1,0.474307
76,12,-1,-1,0.485632
76,13,-1,-1,0.490017
76,14,-1,-1,0.472976
76,15,-1,-1,0.473928
76,16,-1,-1,0.535023
76,17,-1,-1,0.480684
76,18,-1,-1,0.47319
76,19,-1,-1,0.496802
77,0,-1,-1,0.488824
77,1,-1,-1,0.485663
77,2,-1,-1,0.491933
77,3,-1,-1,0.486337
77,4,-1,-1,0.484697
77,5,-1,-1,0.498414
77,6,-1,-1,0.490945
77,7,-1,-1,0.486229
77,8,-1,-1,0.550951
77,9,-1,-1,0.486372
77,10,-1,-1,0.485267
77,11,-1,-1,0.54502
77,12,-1,-1,0.486777
77,13,-1,-1,0.486493
77,14,-1,-1,0.487155
77,15,-1,-1,0.485106
77,16,-1,-1,0.485104
77,17,-1,-1,0.486918
77,18,-1,-1,0.48576
77,19,-1,-1,0.48725
78,0,-1,-1,0.500198
78,1,-1,-1,0.497616
78,2,-1,-1,0.501459
78,3,-1,-1,0.516042
78,4,-1,-1,0.500455
78,5,-1,-1,0.510116
78,6,-1,-1,0.507964
78,7,-1,-1,0.500326
78,8,-1,-1,0.498086
78,9,-1,-1,0.501721
78,10,-1,-1,0.498046
78,11,-1,-1,0.497149
78,12,-1,-1,0.521297
78,13,-1,-1,0.498421
78,14,-1,-1,0.497643
78,15,-1,-1,0.502344
78,16,-1,-1,0.498108
78,17,-1,-1,0.509213
78,18,-1,-1,0.559159
78,19,-1,-1,0.511255
79,0,-1,-1,0.515936
79,1,-1,-1,0.519528
79,2,-1,-1,0.509148
79,3,-1,-1,0.509427
79,4,-1,-1,0.516246
79,5,-1,-1,0.509066
79,6,-1,-1,0.510015
79,7,-1,-1,0.512118
79,8,-1,-1,0.511296
79,9,-1,-1,0.513146
79,10,-1,-1,0.519051
79,11,-1,-1,0.509516
79,12,-1,-1,0.508909
79,13,-1,-1,0.525042
79,14,-1,-1,0.5121
79,15,-1,-1,0.509079
79,16,-1,-1,0.525033
79,17,-1,-1,0.510767
79,18,-1,-1,0.508795
79,19,-1,-1,0.519006
80,0,-1,-1,0.529192
80,1,-1,-1,0.52287
80,2,-1,-1,0.53372
80,3,-1,-1,0.52184
80,4,-1,-1,0.521496
80,5,-1,-1,0.530469
80,6,-1,-1,0.525389
80,7,-1,-1,0.526191
80,8,-1,-1,0.526593
80,9,-1,-1,0.521875
80,10,-1,-1,0.521059
80,11,-1,-1,0.542805
80,12,-1,-1,0.533276
80,13,-1,-1,0.526374
80,14,-1,-1,0.533938
80,15,-1,-1,0.521268
80,16,-1,-1,0.523435
80,17,-1,-1,0.53332
80,18,-1,-1,0.522118
80,19,-1,-1,0.525416
81,0,-1,-1,0.536359
81,1,-1,-1,0.535128
81,2,-1,-1,0.534312
81,3,-1,-1,0.53876
81,4,-1,-1,0.535107
81,5,-1,-1,0.53615
81,6,-1,-1,0.570514
81,7,-1,-1,0.534066
81,8,-1,-1,0.53615
81,9,-1,-1,0.549038
81,10,-1,-1,0.546304
81,11,-1,-1,0.54161
81,12,-1,-1,0.550813
81,13,-1,-1,0.534212
81,14,-1,-1,0.534466
81,15,-1,-1,0.548843
81,16,-1,-1,0.538534
81,17,-1,-1,0.535436
81,18,-1,-1,0.55027
81,19,-1,-1,0.534419
82,0,-1,-1,0.547574
82,1,-1,-1,0.553026
82,2,-1,-1,0.550422
82,3,-1,-1,0.548109
82,4,-1,-1,0.559551
82,5,-1,-1,0.547528
82,6,-1,-1,0.546569
82,7,-1,-1,0.559044
82,8,-1,-1,0.546883
82,9,-1,-1,0.558609
82,10,-1,-1,0.602856
82,11,-1,-1,0.546833
82,12,-1,-1,0.546869
82,13,-1,-1,0.552824
82,14,-1,-1,0.547098
82,15,-1,-1,0.559689
82,16,-1,-1,0.549444
82,17,-1,-1,0.553897
82,18,-1,-1,0.549635
82,19,-1,-1,0.556894
83,0,-1,-1,0.563172
83,1,-1,-1,0.573004
83,2,-1,-1,0.571167
83,3,-1,-1,0.560263
83,4,-1,-1,0.560238
83,5,-1,-1,0.565655
83,6,-1,-1,0.559529
83,7,-1,-1,0.567429
83,8,-1,-1,0.567439
83,9,-1,-1,0.5606
83,10,-1,-1,0.563291
83,11,-1,-1,0.567678
83,12,-1,-1,0.561912
83,13,-1,-1,0.561919
83,14,-1,-1,0.566961
83,15,-1,-1,0.560346
83,16,-1,-1,0.570812
83,17,-1,-1,0.567761
83,18,-1,-1,0.561093
83,19,-1,-1,0.562098
84,0,-1,-1,0.581711
84,1,-1,-1,0.572694
84,2,-1,-1,0.572612
84,3,-1,-1,0.580327
84,4,-1,-1,0.572373
84,5,-1,-1,0.572624
84,6,-1,-1,0.579044
84,7,-1,-1,0.573235
84,8,-1,-1,0.572867
84,9,-1,-1,0.580933
84,10,-1,-1,0.583669
84,11,-1,-1,0.586648
84,12,-1,-1,0.572846
84,13,-1,-1,0.572534
84,14,-1,-1,0.585148
84,15,-1,-1,0.573225
84,16,-1,-1,0.574121
84,17,-1,-1,0.575173
84,18,-1,-1,0.575058
84,19,-1,-1,0.575747
85,0,-1,-1,0.587335
85,1,-1,-1,0.596915
85,2,-1,-1,0.586407
85,3,-1,-1,0.610198
85,4,-1,-1,0.588504
85,5,-1,-1,0.602113
85,6,-1,-1,0.599521
85,7,-1,-1,0.598637
85,8,-1,-1,0.586453
85,9,-1,-1,0.59514
85,10,-1,-1,0.589558
85,11,-1,-1,0.59007
85,12,-1,-1,0.586649
85,13,-1,-1,0.586146
85,14,-1,-1,0.585966
85,15,-1,-1,0.610748
85,16,-1,-1,0.588625
85,17,-1,-1,0.599641
85,18,-1,-1,0.589063
85,19,-1,-1,0.60085
86,0,-1,-1,0.612514
86,1,-1,-1,0.61107
86,2,-1,-1,0.600547
86,3,-1,-1,0.608494
86,4,-1,-1,0.599736
86,5,-1,-1,0.634822
86,6,-1,-1,0.610492
86,7,-1,-1,0.608114
86,8,-1,-1,0.600299
86,9,-1,-1,0.618696
86,10,-1,-1,0.602955
86,11,-1,-1,0.62955
86,12,-1,-1,0.606221
86,13,-1,-1,0.605096
86,14,-1,-1,0.602081
86,15,-1,-1,0.619067
86,16,-1,-1,0.612824
86,17,-1,-1,0.606881
86,18,-1,-1,0.60894
86,19,-1,-1,0.604044
87,0,-1,-1,0.613163
87,1,-1,-1,0.659156
87,2,-1,-1,0.616879
87,3,-1,-1,0.615902
87,4,-1,-1,0.615677
87,5,-1,-1,0.623579
87,6,-1,-1,0.624444
87,7,-1,-1,0.619771
87,8,-1,-1,0.626312
87,9,-1,-1,0.637841
87,10,-1,-1,0.613031
87,11,-1,-1,0.62266
87,12,-1,-1,0.613488
87,13,-1,-1,0.617723
87,14,-1,-1,0.624008
87,15,-1,-1,0.619462
87,16,-1,-1,0.616018
87,17,-1,-1,0.616581
87,18,-1,-1,0.611509
87,19,-1,-1,0.623878
88,0,-1,-1,0.626499
88,1,-1,-1,0.644454
88,2,-1,-1,0.637545
88,3,-1,-1,0.640819
88,4,-1,-1,0.626224
88,5,-1,-1,0.62926
88,6,-1,-1,0.626422
88,7,-1,-1,0.636628
88,8,-1,-1,0.629017
88,9,-1,-1,0.686056
88,10,-1,-1,0.641021
88,11,-1,-1,0.675505
88,12,-1,-1,0.625668
88,13,-1,-1,0.636131
88,14,-1,-1,0.628536
88,15,-1,-1,0.639939
88,16,-1,-1,0.628723
88,17,-1,-1,0.634827
88,18,-1,-1,0.637979
88,19,-1,-1,0.630615
89,0,-1,-1,0.651365
89,1,-1,-1,0.653478
89,2,-1,-1,0.640272
89,3,-1,-1,0.649357
89,4,-1,-1,0.645899
89,5,-1,-1,0.652497
89,6,-1,-1,0.643763
89,7,-1,-1,0.666414
89,8,-1,-1,0.643385
89,9,-1,-1,0.650029
89,10,-1,-1,0.646521
89,11,-1,-1,0.651586
89,12,-1,-1,0.642389
89,13,-1,-1,0.640932
89,14,-1,-1,0.639716
89,15,-1,-1,0.690325
89,16,-1,-1,0.642235
89,17,-1,-1,0.690845
89,18,-1,-1,0.654495
89,19,-1,-1,0.64594
90,0,-1,-1,0.654444
90,1,-1,-1,0.656058
90,2,-1,-1,0.656556
90,3,-1,-1,0.666324
90,4,-1,-1,0.655515
90,5,-1,-1,0.662794
90,6,-1,-1,0.655572
90,7,-1,-1,0.665107
90,8,-1,-1,0.666424
90,9,-1,-1,0.688646
90,10,-1,-1,0.656444
90,11,-1,-1,0.663608
90,12,-1,-1,0.666621
90,13,-1,-1,0.661583
90,14,-1,-1,0.659421
90,15,-1,-1,0.661692
90,16,-1,-1,0.65338
90,17,-1,-1,0.672967
90,18,-1,-1,0.653091
90,19,-1,-1,0.670194
91,0,-1,-1,0.667805
91,1,-1,-1,0.678702
91,2,-1,-1,0.669998
91,3,-1,-1,0.717827
91,4,-1,-1,0.670796
91,5,-1,-1,0.71777
91,6,-1,-1,0.680128
91,7,-1,-1,0.720669
91,8,-1,-1,0.66787
91,9,-1,-1,0.680157
91,10,-1,-1,0.671475
91,11,-1,-1,0.677185
91,12,-1,-1,0.670678
91,13,-1,-1,0.67839
91,14,-1,-1,0.677915
91,15,-1,-1,0.676251
91,16,-1,-1,0.673943
91,17,-1,-1,0.718587
91,18,-1,-1,0.669775
91,19,-1,-1,0.68123
92,0,-1,-1,0.68176
92,1,-1,-1,0.69145
92,2,-1,-1,0.694571
92,3,-1,-1,0.730843
92,4,-1,-1,0.682549
92,5,-1,-1,0.693372
92,6,-1,-1,0.698053
92,7,-1,-1,0.693944
92,8,-1,-1,0.682576
92,9,-1,-1,0.689662
92,10,-1,-1,0.684818
92,11,-1,-1,0.693587
92,12,-1,-1,0.691153
92,13,-1,-1,0.68794
92,14,-1,-1,0.681623
92,15,-1,-1,0.688581
92,16,-1,-1,0.682366
92,17,-1,-1,0.735743
92,18,-1,-1,0.682086
92,19,-1,-1,0.726624
93,0,-1,-1,0.696429
93,1,-1,-1,0.713417
93,2,-1,-1,0.696465
93,3,-1,-1,0.702632
93,4,-1,-1,0.699635
93,5,-1,-1,0.717152
93,6,-1,-1,0.69667
93,7,-1,-1,0.699969
93,8,-1,-1,0.704809
93,9,-1,-1,0.714269
93,10,-1,-1,0.696113
93,11,-1,-1,0.706987
93,12,-1,-1,0.704705
93,13,-1,-1,0.702473
93,14,-1,-1,0.696169
93,15,-1,-1,0.716292
93,16,-1,-1,0.696886
93,17,-1,-1,0.704744
93,18,-1,-1,0.709006
93,19,-1,-1,0.750548
94,0,-1,-1,0.718538
94,1,-1,-1,0.728288
94,2,-1,-1,0.713055
94,3,-1,-1,0.721807
94,4,-1,-1,0.711106
94,5,-1,-1,0.718942
94,6,-1,-1,0.719691
94,7,-1,-1,0.71287
94,8,-1,-1,0.716904
94,9,-1,-1,0.716636
94,10,-1,-1,0.713358
94,11,-1,-1,0.722872
94,12,-1,-1,0.711712
94,13,-1,-1,0.716716
94,14,-1,-1,0.72005
94,15,-1,-1,0.713386
94,16,-1,-1,0.714735
94,17,-1,-1,0.734505
94,18,-1,-1,0.712725
94,19,-1,-1,0.731205
95,0,-1,-1,0.846018
95,1,-1,-1,0.733247
95,2,-1,-1,0.730305
95,3,-1,-1,0.774398
95,4,-1,-1,0.732304
95,5,-1,-1,0.735358
95,6,-1,-1,0.730807
95,7,-1,-1,0.733271
95,8,-1,-1,0.725828
95,9,-1,-1,0.734035
95,10,-1,-1,0.725188
95,11,-1,-1,0.733113
95,12,-1,-1,0.73401
95,13,-1,-1,0.738789
95,14,-1,-1,0.72561
95,15,-1,-1,0.739139
95,16,-1,-1,0.727599
95,17,-1,-1,0.741057
95,18,-1,-1,0.739094
95,19,-1,-1,0.727233
96,0,-1,-1,0.75191
96,1,-1,-1,0.740918
96,2,-1,-1,0.74031
96,3,-1,-1,0.751238
96,4,-1,-1,0.744109
96,5,-1,-1,0.750143
96,6,-1,-1,0.743507
96,7,-1,-1,0.744984
96,8,-1,-1,0.750932
96,9,-1,-1,0.760796
96,10,-1,-1,0.740588
96,11,-1,-1,0.761005
96,12,-1,-1,0.743944
96,13,-1,-1,0.752735
96,14,-1,-1,0.745786
96,15,-1,-1,0.748421
96,16,-1,-1,0.746633
96,17,-1,-1,0.749621
96,18,-1,-1,0.740022
96,19,-1,-1,0.785159
97,0,-1,-1,0.755337
97,1,-1,-1,0.804492
97,2,-1,-1,0.75553
97,3,-1,-1,0.764513
97,4,-1,-1,0.764215
97,5,-1,-1,0.762722
97,6,-1,-1,0.756017
97,7,-1,-1,0.760038
97,8,-1,-1,0.754915
97,9,-1,-1,0.759994
97,10,-1,-1,0.765088
97,11,-1,-1,0.757777
97,12,-1,-1,0.757527
97,13,-1,-1,0.763157
97,14,-1,-1,0.757271
97,15,-1,-1,0.76613
97,16,-1,-1,0.755829
97,17,-1,-1,0.766257
97,18,-1,-1,0.766017
97,19,-1,-1,0.763532
98,0,-1,-1,0.779412
98,1,-1,-1,0.779155
98,2,-1,-1,0.772532
98,3,-1,-1,0.77054
98,4,-1,-1,0.772432
98,5,-1,-1,0.779686
98,6,-1,-1,0.769869
98,7,-1,-1,0.779598
98,8,-1,-1,0.769957
98,9,-1,-1,0.780473
98,10,-1,-1,0.773421
98,11,-1,-1,0.813859
98,12,-1,-1,0.783503
98,13,-1,-1,0.821032
98,14,-1,-1,0.772447
98,15,-1,-1,0.783229
98,16,-1,-1,0.770782
98,17,-1,-1,0.822143
98,18,-1,-1,0.773009
98,19,-1,-1,0.783455
99,0,-1,-1,0.78834
99,1,-1,-1,0.793025
99,2,-1,-1,0.784921
99,3,-1,-1,0.801431
99,4,-1,-1,0.795044
99,5,-1,-1,0.807542
99,6,-1,-1,0.794884
99,7,-1,-1,0.799101
99,8,-1,-1,0.796778
99,9,-1,-1,0.836257
99,10,-1,-1,0.784669
99,11,-1,-1,0.798602
99,12,-1,-1,0.791857
99,13,-1,-1,0.788611
99,14,-1,-1,0.786897
99,15,-1,-1,0.789499
99,16,-1,-1,0.790952
99,17,-1,-1,0.790094
99,18,-1,-1,0.787604
99,19,-1,-1,0.789664
100,0,-1,-1,0.809246
100,1,-1,-1,0.809074
100,2,-1,-1,0.80032
100,3,-1,-1,0.808788
100,4,-1,-1,0.803054
100,5,-1,-1,0.806486
100,6,-1,-1,0.803239
100,7,-1,-1,0.811573
100,8,-1,-1,0.802714
100,9,-1,-1,0.805609
100,10,-1,-1,0.800161
100,11,-1,-1,0.804852
100,12,-1,-1,0.808569
100,13,-1,-1,0.80345
100,14,-1,-1,0.800657
100,15,-1,-1,0.806407
100,16,-1,-1,0.807393
100,17,-1,-1,0.806171
100,18,-1,-1,0.802929
100,19,-1,-1,0.801313
101,0,-1,-1,0.824749
101,1,-1,-1,0.82422
101,2,-1,-1,0.815651
101,3,-1,-1,0.82489
101,4,-1,-1,0.81619
101,5,-1,-1,0.824719
101,6,-1,-1,0.81591
101,7,-1,-1,0.824133
101,8,-1,-1,0.819146
101,9,-1,-1,0.825808
101,10,-1,-1,0.816093
101,11,-1,-1,0.835032
101,12,-1,-1,0.815597
101,13,-1,-1,0.820833
101,14,-1,-1,0.818003
101,15,-1,-1,0.824734
101,16,-1,-1,0.815917
101,17,-1,-1,0.8226
101,18,-1,-1,0.817097
101,19,-1,-1,0.818492
102,0,-1,-1,0.83299
102,1,-1,-1,0.881046
102,2,-1,-1,0.831797
102,3,-1,-1,0.840363
102,4,-1,-1,0.841153
102,5,-1,-1,0.834014
102,6,-1,-1,0.835643
102,7,-1,-1,0.844437
102,8,-1,-1,0.832353
102,9,-1,-1,0.849153
102,10,-1,-1,0.832754
102,11,-1,-1,0.850064
102,12,-1,-1,0.835238
102,13,-1,-1,0.83447
102,14,-1,-1,0.842511
102,15,-1,-1,0.840561
102,16,-1,-1,0.833562
102,17,-1,-1,0.837303
102,18,-1,-1,0.836402
102,19,-1,-1,0.843188
103,0,-1,-1,0.852379
103,1,-1,-1,0.857108
103,2,-1,-1,0.849556
103,3,-1,-1,0.852214
103,4,-1,-1,0.850153
103,5,-1,-1,0.856256
103,6,-1,-1,0.849613
103,7,-1,-1,0.900937
103,8,-1,-1,0.858005
103,9,-1,-1,0.864586
103,10,-1,-1,0.848418
103,11,-1,-1,0.874302
103,12,-1,-1,0.847425
103,13,-1,-1,0.858862
103,14,-1,-1,0.849976
103,15,-1,-1,0.856341
103,16,-1,-1,0.850189
103,17,-1,-1,0.852467
103,18,-1,-1,0.849744
103,19,-1,-1,0.855933
104,0,-1,-1,0.866113
104,1,-1,-1,0.877825
104,2,-1,-1,0.868966
104,3,-1,-1,0.870595
104,4,-1,-1,0.865999
104,5,-1,-1,0.869701
104,6,-1,-1,0.87401
104,7,-1,-1,0.874273
104,8,-1,-1,0.866451
104,9,-1,-1,0.875167
104,10,-1,-1,0.863577
104,11,-1,-1,0.881498
104,12,-1,-1,0.867246
104,13,-1,-1,0.866077
104,14,-1,-1,0.865832
104,15,-1,-1,0.866996
104,16,-1,-1,0.864105
104,17,-1,-1,0.868282
104,18,-1,-1,0.867294
104,19,-1,-1,0.867685
105,0,-1,-1,0.882123
105,1,-1,-1,0.926966
105,2,-1,-1,0.87813
105,3,-1,-1,0.904262
105,4,-1,-1,0.892759
105,5,-1,-1,0.887159
105,6,-1,-1,0.879567
105,7,-1,-1,0.887891
105,8,-1,-1,0.883384
105,9,-1,-1,0.905845
105,10,-1,-1,0.880824
105,11,-1,-1,0.881224
105,12,-1,-1,0.892262
105,13,-1,-1,0.893295
105,14,-1,-1,0.888116
105,15,-1,-1,0.889044
105,16,-1,-1,0.880216
105,17,-1,-1,0.886791
105,18,-1,-1,0.879386
105,19,-1,-1,0.892583
106,0,-1,-1,0.895696
106,1,-1,-1,0.898559
106,2,-1,-1,0.896403
106,3,-1,-1,0.89785
106,4,-1,-1,0.895994
106,5,-1,-1,0.904382
106,6,-1,-1,0.895184
106,7,-1,-1,0.908984
106,8,-1,-1,0.896679
106,9,-1,-1,0.896056
106,10,-1,-1,0.905788
106,11,-1,-1,0.945362
106,12,-1,-1,0.904793
106,13,-1,-1,0.942522
106,14,-1,-1,0.898613
106,15,-1,-1,0.90398
106,16,-1,-1,0.895795
106,17,-1,-1,0.936387
106,18,-1,-1,0.896019
106,19,-1,-1,0.904559
107,0,-1,-1,0.921273
107,1,-1,-1,0.921456
107,2,-1,-1,0.918109
107,3,-1,-1,0.912903
107,4,-1,-1,0.913569
107,5,-1,-1,0.919923
107,6,-1,-1,0.951717
107,7,-1,-1,0.916041
107,8,-1,-1,0.958611
107,9,-1,-1,0.920406
107,10,-1,-1,0.913891
107,11,-1,-1,0.934422
107,12,-1,-1,0.927097
107,13,-1,-1,0.945876
107,14,-1,-1,0.920853
107,15,-1,-1,0.958424
107,16,-1,-1,0.913451
107,17,-1,-1,0.962168
107,18,-1,-1,0.912214
107,19,-1,-1,0.919427
108,0,-1,-1,0.935095
108,1,-1,-1,0.941238
108,2,-1,-1,0.930633
108,3,-1,-1,0.9335
108,4,-1,-1,0.929684
108,5,-1,-1,0.940921
108,6,-1,-1,0.932081
108,7,-1,-1,0.932342
108,8,-1,-1,0.93198
108,9,-1,-1,0.934172
108,10,-1,-1,0.931947
108,11,-1,-1,0.940999
108,12,-1,-1,0.939119
108,13,-1,-1,0.944758
108,14,-1,-1,0.941462
108,15,-1,-1,0.934555
108,16,-1,-1,0.936569
108,17,-1,-1,0.938532
108,18,-1,-1,0.934234
108,19,-1,-1,0.939719
109,0,-1,-1,0.95407
109,1,-1,-1,0.952135
109,2,-1,-1,0.953939
109,3,-1,-1,0.949241
109,4,-1,-1,0.954789
109,5,-1,-1,0.956393
109,6,-1,-1,0.953947
109,7,-1,-1,0.954008
109,8,-1,-1,0.960036
109,9,-1,-1,0.9572
109,10,-1,-1,0.948819
109,11,-1,-1,0.95282
109,12,-1,-1,0.956797
109,13,-1,-1,0.95779
109,14,-1,-1,0.952897
109,15,-1,-1,0.953067
109,16,-1,-1,0.953123
109,17,-1,-1,0.958592
109,18,-1,-1,0.956499
109,19,-1,-1,0.945749
110,0,-1,-1,0.965023
110,1,-1,-1,0.970073
110,2,-1,-1,0.976513
110,3,-1,-1,0.97807
110,4,-1,-1,0.966515
110,5,-1,-1,0.983174
110,6,-1,-1,0.97037
110,7,-1,-1,0.975388
110,8,-1,-1,0.978936
110,9,-1,-1,0.970313
110,10,-1,-1,0.972415
110,11,-1,-1,0.966841
110,12,-1,-1,0.967926
110,13,-1,-1,0.97866
110,14,-1,-1,0.968121
110,15,-1,-1,0.966352
110,16,-1,-1,0.963664
110,17,-1,-1,0.981144
110,18,-1,-1,0.969992
110,19,-1,-1,0.969248
111,0,-1,-1,0.983581
111,1,-1,-1,0.980709
111,2,-1,-1,0.983684
111,3,-1,-1,0.98865
111,4,-1,-1,1.02402
111,5,-1,-1,0.987896
111,6,-1,-1,1.00025
111,7,-1,-1,0.990998
111,8,-1,-1,0.984867
111,9,-1,-1,1.00131
111,10,-1,-1,0.99142
111,11,-1,-1,0.985107
111,12,-1,-1,0.986064
111,13,-1,-1,0.981708
111,14,-1,-1,0.992072
111,15,-1,-1,0.98353
111,16,-1,-1,0.98908
111,17,-1,-1,0.991004
111,18,-1,-1,0.989433
111,19,-1,-1,0.991564
112,0,-1,-1,0.997686
112,1,-1,-1,1.00483
112,2,-1,-1,1.0207
112,3,-1,-1,1.00243
112,4,-1,-1,1.01186
112,5,-1,-1,1.04375
112,6,-1,-1,1.04261
112,7,-1,-1,1.00809
112,8,-1,-1,1.01624
112,9,-1,-1,1.00031
112,10,-1,-1,1.0138
112,11,-1,-1,1.00145
112,12,-1,-1,1.04448
112,13,-1,-1,1.00148
112,14,-1,-1,1.00112
112,15,-1,-1,1.00894
112,16,-1,-1,1.01041
112,17,-1,-1,1.04426
112,18,-1,-1,1.04169
112,19,-1,-1,0.997651
113,0,-1,-1,1.01526
113,1,-1,-1,1.05353
113,2,-1,-1,1.01698
113,3,-1,-1,1.02083
113,4,-1,-1,1.01592
113,5,-1,-1,1.02193
113,6,-1,-1,1.02716
113,7,-1,-1,1.02147
113,8,-1,-1,1.02482
113,9,-1,-1,1.02576
113,10,-1,-1,1.01776
113,11,-1,-1,1.06259
113,12,-1,-1,1.02134
113,13,-1,-1,1.05532
113,14,-1,-1,1.01746
113,15,-1,-1,1.02787
113,16,-1,-1,1.02681
113,17,-1,-1,1.02344
113,18,-1,-1,1.02331
113,19,-1,-1,1.02248
114,0,-1,-1,1.04097
114,1,-1,-1,1.04301
114,2,-1,-1,1.04577
114,3,-1,-1,1.07624
114,4,-1,-1,1.04042
114,5,-1,-1,1.04345
114,6,-1,-1,1.03674
114,7,-1,-1,1.05037
114,8,-1,-1,1.0341
114,9,-1,-1,1.03711
114,10,-1,-1,1.04461
114,11,-1,-1,1.03546
114,12,-1,-1,1.03581
114,13,-1,-1,1.03769
114,14,-1,-1,1.07319
114,15,-1,-1,1.03831
114,16,-1,-1,1.03733
114,17,-1,-1,1.04182
114,18,-1,-1,1.03974
114,19,-1,-1,1.07399
115,0,-1,-1,1.06212
115,1,-1,-1,1.05268
115,2,-1,-1,1.05243
115,3,-1,-1,1.05501
115,4,-1,-1,1.05567
115,5,-1,-1,1.09545
115,6,-1,-1,1.09062
115,7,-1,-1,1.06257
115,8,-1,-1,1.05467
115,9,-1,-1,1.05756
115,10,-1,-1,1.04859
115,11,-1,-1,1.06185
115,12,-1,-1,1.05606
115,13,-1,-1,1.05229
115,14,-1,-1,1.05367
115,15,-1,-1,1.05377
115,16,-1,-1,1.06881
115,17,-1,-1,1.06219
115,18,-1,-1,1.06579
115,19,-1,-1,1.06403
116,0,-1,-1,1.07343
116,1,-1,-1,1.0735
116,2,-1,-1,1.11714
116,3,-1,-1,1.08377
116,4,-1,-1,1.0805
116,5,-1,-1,1.08129
116,6,-1,-1,1.06768
116,7,-1,-1,1.07277
116,8,-1,-1,1.10747
116,9,-1,-1,1.1115
116,10,-1,-1,1.07972
116,11,-1,-1,1.07499
116,12,-1,-1,1.08442
116,13,-1,-1,1.07109
116,14,-1,-1,1.06799
116,15,-1,-1,1.07905
116,16,-1,-1,1.07298
116,17,-1,-1,1.11041
116,18,-1,-1,1.0828
116,19,-1,-1,1.0749
117,0,-1,-1,1.12832
117,1,-1,-1,1.08543
117,2,-1,-1,1.12462
117,3,-1,-1,1.09025
117,4,-1,-1,1.0891
117,5,-1,-1,1.12848
117,6,-1,-1,1.09716
117,7,-1,-1,1.12635
117,8,-1,-1,1.09524
117,9,-1,-1,1.09848
117,10,-1,-1,1.12891
117,11,-1,-1,1.0989
117,12,-1,-1,1.09522
117,13,-1,-1,1.13019
117,14,-1,-1,1.0931
117,15,-1,-1,1.09055
117,16,-1,-1,1.13156
117,17,-1,-1,1.09959
117,18,-1,-1,1.09799
117,19,-1,-1,1.08823
118,0,-1,-1,1.10873
118,1,-1,-1,1.10861
118,2,-1,-1,1.11341
118,3,-1,-1,1.10899
118,4,-1,-1,1.10692
118,5,-1,-1,1.11728
118,6,-1,-1,1.1211
118,7,-1,-1,1.11815
118,8,-1,-1,1.12152
118,9,-1,-1,1.12324
118,10,-1,-1,1.14985
118,11,-1,-1,1.14385
118,12,-1,-1,1.1148
118,13,-1,-1,1.11041
118,14,-1,-1,1.10576
118,15,-1,-1,1.11105
118,16,-1,-1,1.11055
118,17,-1,-1,1.11395
118,18,-1,-1,1.11368
118,19,-1,-1,1.11651
119,0,-1,-1,1.12343
119,1,-1,-1,1.13201
119,2,-1,-1,1.16574
119,3,-1,-1,1.13112
119,4,-1,-1,1.16747
119,5,-1,-1,1.12542
119,6,-1,-1,1.12784
119,7,-1,-1,1.13286
119,8,-1,-1,1.1243
119,9,-1,-1,1.12912
119,10,-1,-1,1.16435
119,11,-1,-1,1.13092
119,12,-1,-1,1.13643
119,13,-1,-1,1.1336
119,14,-1,-1,1.12773
119,15,-1,-1,1.13152
119,16,-1,-1,1.16397
119,17,-1,-1,1.12563
119,18,-1,-1,1.16099
119,19,-1,-1,1.13449
120,0,-1,-1,1.15612
120,1,-1,-1,1.18248
120,2,-1,-1,1.1457
120,3,-1,-1,1.1847
120,4,-1,-1,1.17792
120,5,-1,-1,1.15257
120,6,-1,-1,1.14699
120,7,-1,-1,1.14677
120,8,-1,-1,1.15162
120,9,-1,-1,1.14034
120,10,-1,-1,1.15428
120,11,-1,-1,1.15127
120,12,-1,-1,1.14325
120,13,-1,-1,1.15203
120,14,-1,-1,1.15263
120,15,-1,-1,1.14543
120,16,-1,-1,1.14792
120,17,-1,-1,1.14836
120,18,-1,-1,1.18569
120,19,-1,-1,1.1576
121,0,-1,-1,1.20142
121,1,-1,-1,1.16064
121,2,-1,-1,1.17115
121,3,-1,-1,1.1653
121,4,-1,-1,1.16544
121,5,-1,-1,1.16677
121,6,-1,-1,1.20017
121,7,-1,-1,1.16595
121,8,-1,-1,1.16269
121,9,-1,-1,1.20319
121,10,-1,-1,1.19689
121,11,-1,-1,1.17035
121,12,-1,-1,1.19828
121,13,-1,-1,1.1711
121,14,-1,-1,1.16733
121,15,-1,-1,1.17054
121,16,-1,-1,1.1638
121,17,-1,-1,1.17103
121,18,-1,-1,1.17577
121,19,-1,-1,1.16431
122,0,-1,-1,1.18722
122,1,-1,-1,1.18417
122,2,-1,-1,1.23165
122,3,-1,-1,1.18741
122,4,-1,-1,1.18639
122,5,-1,-1,1.19529
122,6,-1,-1,1.19547
122,7,-1,-1,1.20217
122,8,-1,-1,1.18676
122,9,-1,-1,1.18679
122,10,-1,-1,1.19309
122,11,-1,-1,1.19654
122,12,-1,-1,1.20218
122,13,-1,-1,1.22845
122,14,-1,-1,1.18667
122,15,-1,-1,1.19402
122,16,-1,-1,1.20101
122,17,-1,-1,1.22009
122,18,-1,-1,1.18984
122,19,-1,-1,1.19499
123,0,-1,-1,1.21575
123,1,-1,-1,1.21186
123,2,-1,-1,1.21511
123,3,-1,-1,1.21421
123,4,-1,-1,1.25023
123,5,-1,-1,1.21915
123,6,-1,-1,1.21042
123,7,-1,-1,1.20871
123,8,-1,-1,1.21195
123,9,-1,-1,1.21657
123,10,-1,-1,1.24749
123,11,-1,-1,1.21167
123,12,-1,-1,1.2151
123,13,-1,-1,1.21118
123,14,-1,-1,1.20191
123,15,-1,-1,1.21073
123,16,-1,-1,1.24668
123,17,-1,-1,1.24431
123,18,-1,-1,1.222
123,19,-1,-1,1.2216
124,0,-1,-1,1.224
124,1,-1,-1,1.24157
124,2,-1,-1,1.26369
124,3,-1,-1,1.23516
124,4,-1,-1,1.22734
124,5,-1,-1,1.24258
124,6,-1,-1,1.2634
124,7,-1,-1,1.26216
124,8,-1,-1,1.2682
124,9,-1,-1,1.22918
124,10,-1,-1,1.23134
124,11,-1,-1,1.22506
124,12,-1,-1,1.22931
124,13,-1,-1,1.267
124,14,-1,-1,1.23249
124,15,-1,-1,1.23569
124,16,-1,-1,1.25901
124,17,-1,-1,1.22976
124,18,-1,-1,1.23399
124,19,-1,-1,1.2617
125,0,-1,-1,1.24193
125,1,-1,-1,1.25369
125,2,-1,-1,1.25643
125,3,-1,-1,1.2511
125,4,-1,-1,1.25322
125,5,-1,-1,1.28451
125,6,-1,-1,1.28404
125,7,-1,-1,1.2568
125,8,-1,-1,1.28169
125,9,-1,-1,1.24963
125,10,-1,-1,1.24781
125,11,-1,-1,1.24616
125,12,-1,-1,1.25083
125,13,-1,-1,1.28442
125,14,-1,-1,1.24456
125,15,-1,-1,1.25433
125,16,-1,-1,1.23916
125,17,-1,-1,1.24632
125,18,-1,-1,1.24972
125,19,-1,-1,1.28135
126,0,-1,-1,1.26125
126,1,-1,-1,1.26062
126,2,-1,-1,1.30205
126,3,-1,-1,1.2687
126,4,-1,-1,1.25625
126,5,-1,-1,1.26645
126,6,-1,-1,1.25919
126,7,-1,-1,1.26259
126,8,-1,-1,1.25919
126,9,-1,-1,1.25653
126,10,-1,-1,1.25442
126,11,-1,-1,1.26085
126,12,-1,-1,1.25886
126,13,-1,-1,1.26171
126,14,-1,-1,1.25941
126,15,-1,-1,1.25376
126,16,-1,-1,1.2588
126,17,-1,-1,1.25986
126,18,-1,-1,1.25656
126,19,-1,-1,1.25545
127,0,-1,-1,1.31659
127,1,-1,-1,1.27848
127,2,-1,-1,1.27545
127,3,-1,-1,1.2796
127,4,-1,-1,1.27972
127,5,-1,-1,1.27732
127,6,-1,-1,1.28844
127,7,-1,-1,1.2778
127,8,-1,-1,1.28185
127,9,-1,-1,1.27987
127,10,-1,-1,1.28174
127,11,-1,-1,1.31591
127,12,-1,-1,1.27898
127,13,-1,-1,1.27548
127,14,-1,-1,1.31102
127,15,-1,-1,1.28674
127,16,-1,-1,1.28031
127,17,-1,-1,1.2803
127,18,-1,-1,1.28084
127,19,-1,-1,1.28724
128,0,-1,-1,1.29479
128,1,-1,-1,1.30003
128,2,-1,-1,1.33412
128,3,-1,-1,1.30257
128,4,-1,-1,1.33477
128,5,-1,-1,1.33454
128,6,-1,-1,1.30314
128,7,-1,-1,1.29903
128,8,-1,-1,1.30523
128,9,-1,-1,1.30204
128,10,-1,-1,1.30383
128,11,-1,-1,1.29763
128,12,-1,-1,1.34261
128,13,-1,-1,1.33581
128,14,-1,-1,1.33663
128,15,-1,-1,1.30038
128,16,-1,-1,1.29418
128,17,-1,-1,1.33435
128,18,-1,-1,1.33257
128,19,-1,-1,1.29652
129,0,-1,-1,1.31691
129,1,-1,-1,1.35616
129,2,-1,-1,1.3186
129,3,-1,-1,1.35875
129,4,-1,-1,1.32423
129,5,-1,-1,1.32575
129,6,-1,-1,1.31761
129,7,-1,-1,1.3213
129,8,-1,-1,1.3568
129,9,-1,-1,1.32254
129,10,-1,-1,1.32206
129,11,-1,-1,1.32034
129,12,-1,-1,1.32067
129,13,-1,-1,1.31738
129,14,-1,-1,1.31948
129,15,-1,-1,1.31992
129,16,-1,-1,1.31652
129,17,-1,-1,1.3205
129,18,-1,-1,1.31458
129,19,-1,-1,1.31575
130,0,-1,-1,1.37447
130,1,-1,-1,1.33484
130,2,-1,-1,1.33561
130,3,-1,-1,1.3698
130,4,-1,-1,1.33492
130,5,-1,-1,1.33191
130,6,-1,-1,1.33501
130,7,-1,-1,1.34329
130,8,-1,-1,1.33734
130,9,-1,-1,1.34575
130,10,-1,-1,1.33861
130,11,-1,-1,1.34326
130,12,-1,-1,1.35906
130,13,-1,-1,1.34167
130,14,-1,-1,1.33335
130,15,-1,-1,1.33324
130,16,-1,-1,1.34458
130,17,-1,-1,1.37252
130,18,-1,-1,1.34016
130,19,-1,-1,1.34521
131,0,-1,-1,1.35932
131,1,-1,-1,1.35448
131,2,-1,-1,1.3582
131,3,-1,-1,1.35977
131,4,-1,-1,1.36692
131,5,-1,-1,1.38999
131,6,-1,-1,1.36653
131,7,-1,-1,1.36349
131,8,-1,-1,1.36015
131,9,-1,-1,1.36115
131,10,-1,-1,1.35529
131,11,-1,-1,1.35931
131,12,-1,-1,1.36291
131,13,-1,-1,1.3934
131,14,-1,-1,1.35979
131,15,-1,-1,1.37222
131,16,-1,-1,1.35153
131,17,-1,-1,1.36897
131,18,-1,-1,1.3991
131,19,-1,-1,1.3921
132,0,-1,-1,1.3762
132,1,-1,-1,1.37126
132,2,-1,-1,1.38439
132,3,-1,-1,1.41215
132,4,-1,-1,1.38545
132,5,-1,-1,1.38248
132,6,-1,-1,1.41383
132,7,-1,-1,1.38431
132,8,-1,-1,1.37677
132,9,-1,-1,1.37866
132,10,-1,-1,1.37826
132,11,-1,-1,1.37722
132,12,-1,-1,1.37367
132,13,-1,-1,1.37688
132,14,-1,-1,1.37618
132,15,-1,-1,1.38007
132,16,-1,-1,1.381
132,17,-1,-1,1.41359
132,18,-1,-1,1.38694
132,19,-1,-1,1.41692
133,0,-1,-1,1.39454
133,1,-1,-1,1.39614
133,2,-1,-1,1.39909
133,3,-1,-1,1.39573
133,4,-1,-1,1.39217
133,5,-1,-1,1.39933
133,6,-1,-1,1.40482
133,7,-1,-1,1.43439
133,8,-1,-1,1.39845
133,9,-1,-1,1.43247
133,10,-1,-1,1.43361
133,11,-1,-1,1.3982
133,12,-1,-1,1.39917
133,13,-1,-1,1.39709
133,14,-1,-1,1.40187
133,15,-1,-1,1.40988
133,16,-1,-1,1.42916
133,17,-1,-1,1.39744
133,18,-1,-1,1.4055
133,19,-1,-1,1.39158
134,0,-1,-1,1.4138
134,1,-1,-1,1.41851
134,2,-1,-1,1.43059
134,3,-1,-1,1.42186
134,4,-1,-1,1.41705
134,5,-1,-1,1.41637
134,6,-1,-1,1.4183
134,7,-1,-1,1.41891
134,8,-1,-1,1.42142
134,9,-1,-1,1.4216
134,10,-1,-1,1.42532
134,11,-1,-1,1.4133
134,12,-1,-1,1.41893
134,13,-1,-1,1.42022
134,14,-1,-1,1.45971
134,15,-1,-1,1.41711
134,16,-1,-1,1.41532
134,17,-1,-1,1.42072
134,18,-1,-1,1.4195
134,19,-1,-1,1.42733
135,0,-1,-1,1.43393
135,1,-1,-1,1.44436
135,2,-1,-1,1.44542
135,3,-1,-1,1.44406
135,4,-1,-1,1.44593
135,5,-1,-1,1.44069
135,6,-1,-1,1.43842
135,7,-1,-1,1.44665
135,8,-1,-1,1.44647
135,9,-1,-1,1.43783
135,10,-1,-1,1.44243
135,11,-1,-1,1.44147
135,12,-1,-1,1.47473
135,13,-1,-1,1.43564
135,14,-1,-1,1.44075
135,15,-1,-1,1.47447
135,16,-1,-1,1.4584
135,17,-1,-1,1.43767
135,18,-1,-1,1.44054
135,19,-1,-1,1.43982
136,0,-1,-1,1.49668
136,1,-1,-1,1.45614
136,2,-1,-1,1.45463
136,3,-1,-1,1.46135
136,4,-1,-1,1.46213
136,5,-1,-1,1.46034
136,6,-1,-1,1.49591
136,7,-1,-1,1.45862
136,8,-1,-1,1.46349
136,9,-1,-1,1.46211
136,10,-1,-1,1.45979
136,11,-1,-1,1.45837
136,12,-1,-1,1.50422
136,13,-1,-1,1.46009
136,14,-1,-1,1.49688
136,15,-1,-1,1.45785
136,16,-1,-1,1.46595
136,17,-1,-1,1.46164
136,18,-1,-1,1.46456
136,19,-1,-1,1.46204
137,0,-1,-1,1.51679
137,1,-1,-1,1.48306
137,2,-1,-1,1.52654
137,3,-1,-1,1.4845
137,4,-1,-1,1.49081
137,5,-1,-1,1.47995
137,6,-1,-1,1.48331
137,7,-1,-1,1.48812
137,8,-1,-1,1.47706
137,9,-1,-1,1.47828
137,10,-1,-1,1.48382
137,11,-1,-1,1.48945
137,12,-1,-1,1.47777
137,13,-1,-1,1.47711
137,14,-1,-1,1.48082
137,15,-1,-1,1.51808
137,16,-1,-1,1.4819
137,17,-1,-1,1.47826
137,18,-1,-1,1.51561
137,19,-1,-1,1.49337
138,0,-1,-1,1.50854
138,1,-1,-1,1.53035
138,2,-1,-1,1.53749
138,3,-1,-1,1.53638
138,4,-1,-1,1.5075
138,5,-1,-1,1.5371
138,6,-1,-1,1.50538
138,7,-1,-1,1.50778
138,8,-1,-1,1.50464
138,9,-1,-1,1.50131
138,10,-1,-1,1.54445
138,11,-1,-1,1.54084
138,12,-1,-1,1.50537
138,13,-1,-1,1.50057
138,14,-1,-1,1.5082
138,15,-1,-1,1.52006
138,16,-1,-1,1.49862
138,17,-1,-1,1.50401
138,18,-1,-1,1.51308
138,19,-1,-1,1.49813
139,0,-1,-1,1.52373
139,1,-1,-1,1.55833
139,2,-1,-1,1.52559
139,3,-1,-1,1.51849
139,4,-1,-1,1.52992
139,5,-1,-1,1.51742
139,6,-1,-1,1.5208
139,7,-1,-1,1.55272
139,8,-1,-1,1.5169
139,9,-1,-1,1.5303
139,10,-1,-1,1.51673
139,11,-1,-1,1.52228
139,12,-1,-1,1.5281
139,13,-1,-1,1.52338
139,14,-1,-1,1.52534
139,15,-1,-1,1.52563
139,16,-1,-1,1.53538
139,17,-1,-1,1.52352
139,18,-1,-1,1.56229
139,19,-1,-1,1.5283
140,0,-1,-1,1.54877
140,1,-1,-1,1.53916
140,2,-1,-1,1.54461
140,3,-1,-1,1.54503
140,4,-1,-1,1.55083
140,5,-1,-1,1.57482
140,6,-1,-1,1.54149
140,7,-1,-1,1.54201
140,8,-1,-1,1.54667
140,9,-1,-1,1.53977
140,10,-1,-1,1.55031
140,11,-1,-1,1.57574
140,12,-1,-1,1.54134
140,13,-1,-1,1.54281
140,14,-1,-1,1.54613
140,15,-1,-1,1.54117
140,16,-1,-1,1.54539
140,17,-1,-1,1.58224
140,18,-1,-1,1.54588
140,19,-1,-1,1.54802
141,0,-1,-1,1.56737
141,1,-1,-1,1.56879
141,2,-1,-1,1.56266
141,3,-1,-1,1.56118
141,4,-1,-1,1.56095
141,5,-1,-1,1.56203
141,6,-1,-1,1.56853
141,7,-1,-1,1.56598
141,8,-1,-1,1.56593
141,9,-1,-1,1.56424
141,10,-1,-1,1.60268
141,11,-1,-1,1.56395
141,12,-1,-1,1.56065
141,13,-1,-1,1.59929
141,14,-1,-1,1.5656
141,15,-1,-1,1.56766
141,16,-1,-1,1.56489
141,17,-1,-1,1.56332
141,18,-1,-1,1.57083
141,19,-1,-1,1.59472
142,0,-1,-1,1.62158
142,1,-1,-1,1.59389
142,2,-1,-1,1.58999
142,3,-1,-1,1.58611
142,4,-1,-1,1.6336
142,5,-1,-1,1.58464
142,6,-1,-1,1.58467
142,7,-1,-1,1.58815
142,8,-1,-1,1.59489
142,9,-1,-1,1.62448
142,10,-1,-1,1.5902
142,11,-1,-1,1.61917
142,12,-1,-1,1.58582
142,13,-1,-1,1.59863
142,14,-1,-1,1.59065
142,15,-1,-1,1.59593
142,16,-1,-1,1.58994
142,17,-1,-1,1.62097
142,18,-1,-1,1.62397
142,19,-1,-1,1.58452
143,0,-1,-1,1.60753
143,1,-1,-1,1.60722
143,2,-1,-1,1.61461
143,3,-1,-1,1.61468
143,4,-1,-1,1.64328
143,5,-1,-1,1.64457
143,6,-1,-1,1.64179
143,7,-1,-1,1.60525
143,8,-1,-1,1.61568
143,9,-1,-1,1.61481
143,10,-1,-1,1.61149
143,11,-1,-1,1.6056
143,12,-1,-1,1.60635
143,13,-1,-1,1.64499
143,14,-1,-1,1.60727
143,15,-1,-1,1.61465
143,16,-1,-1,1.61357
143,17,-1,-1,1.61524
143,18,-1,-1,1.60753
143,19,-1,-1,1.61113
144,0,-1,-1,1.66617
144,1,-1,-1,1.63476
144,2,-1,-1,1.6385
144,3,-1,-1,1.63031
144,4,-1,-1,1.63648
144,5,-1,-1,1.63548
144,6,-1,-1,1.63496
144,7,-1,-1,1.63127
144,8,-1,-1,1.63646
144,9,-1,-1,1.63617
144,10,-1,-1,1.66496
144,11,-1,-1,1.63279
144,12,-1,-1,1.63328
144,13,-1,-1,1.64525
144,14,-1,-1,1.62885
144,15,-1,-1,1.6272
144,16,-1,-1,1.63813
144,17,-1,-1,1.63339
144,18,-1,-1,1.63463
144,19,-1,-1,1.6654
145,0,-1,-1,1.68403
145,1,-1,-1,1.69125
145,2,-1,-1,1.65482
145,3,-1,-1,1.68964
145,4,-1,-1,1.68955
145,5,-1,-1,1.68849
145,6,-1,-1,1.69461
145,7,-1,-1,1.68806
145,8,-1,-1,1.64905
145,9,-1,-1,1.64782
145,10,-1,-1,1.66103
145,11,-1,-1,1.68971
145,12,-1,-1,1.65641
145,13,-1,-1,1.6834
145,14,-1,-1,1.65829
145,15,-1,-1,1.64922
145,16,-1,-1,1.65217
145,17,-1,-1,1.652
145,18,-1,-1,1.6485
145,19,-1,-1,1.65112
146,0,-1,-1,1.67606
146,1,-1,-1,1.68997
146,2,-1,-1,1.67974
146,3,-1,-1,1.67767
146,4,-1,-1,1.71125
146,5,-1,-1,1.71169
146,6,-1,-1,1.71212
146,7,-1,-1,1.71166
146,8,-1,-1,1.71513
146,9,-1,-1,1.68111
146,10,-1,-1,1.67979
146,11,-1,-1,1.67699
146,12,-1,-1,1.67287
146,13,-1,-1,1.67458
146,14,-1,-1,1.6746
146,15,-1,-1,1.68278
146,16,-1,-1,1.67558
146,17,-1,-1,1.6815
146,18,-1,-1,1.71062
146,19,-1,-1,1.6741
147,0,-1,-1,1.69621
147,1,-1,-1,1.73351
147,2,-1,-1,1.69772
147,3,-1,-1,1.70265
147,4,-1,-1,1.69923
147,5,-1,-1,1.70023
147,6,-1,-1,1.70298
147,7,-1,-1,1.70251
147,8,-1,-1,1.69224
147,9,-1,-1,1.69744
147,10,-1,-1,1.70108
147,11,-1,-1,1.70108
147,12,-1,-1,1.69677
147,13,-1,-1,1.73512
147,14,-1,-1,1.69688
147,15,-1,-1,1.69615
147,16,-1,-1,1.69771
147,17,-1,-1,1.69165
147,18,-1,-1,1.69383
147,19,-1,-1,1.69429
148,0,-1,-1,1.75944
148,1,-1,-1,1.71951
148,2,-1,-1,1.71953
148,3,-1,-1,1.71648
148,4,-1,-1,1.71744
148,5,-1,-1,1.75686
148,6,-1,-1,1.72528
148,7,-1,-1,1.75241
148,8,-1,-1,1.75402
148,9,-1,-1,1.72195
148,10,-1,-1,1.72157
148,11,-1,-1,1.72269
148,12,-1,-1,1.72287
148,13,-1,-1,1.71588
148,14,-1,-1,1.72168
148,15,-1,-1,1.75746
148,16,-1,-1,1.72099
148,17,-1,-1,1.72656
148,18,-1,-1,1.71992
148,19,-1,-1,1.71791
149,0,-1,-1,1.7413
149,1,-1,-1,1.74031
149,2,-1,-1,1.74872
149,3,-1,-1,1.74187
149,4,-1,-1,1.74529
149,5,-1,-1,1.73797
149,6,-1,-1,1.74304
149,7,-1,-1,1.74902
149,8,-1,-1,1.74208
149,9,-1,-1,1.7403
149,10,-1,-1,1.73782
149,11,-1,-1,1.74384
149,12,-1,-1,1.74449
149,13,-1,-1,1.7739
149,14,-1,-1,1.74616
149,15,-1,-1,1.75496
149,16,-1,-1,1.77945
149,17,-1,-1,1.73733
149,18,-1,-1,1.73927
149,19,-1,-1,1.73867
150,0,-1,-1,1.76546
150,1,-1,-1,1.76489
150,2,-1,-1,1.76402
150,3,-1,-1,1.80845
150,4,-1,-1,1.76263
150,5,-1,-1,1.76709
150,6,-1,-1,1.81107
150,7,-1,-1,1.76642
150,8,-1,-1,1.76701
150,9,-1,-1,1.76893
150,10,-1,-1,1.81194
150,11,-1,-1,1.76422
150,12,-1,-1,1.76783
150,13,-1,-1,1.7643
150,14,-1,-1,1.76831
150,15,-1,-1,1.76387
150,16,-1,-1,1.76978
150,17,-1,-1,1.76395
150,18,-1,-1,1.80424
150,19,-1,-1,1.76356
151,0,-1,-1,1.7871
151,1,-1,-1,1.79633
151,2,-1,-1,1.79213
151,3,-1,-1,1.79341
151,4,-1,-1,1.7962
151,5,-1,-1,1.82723
151,6,-1,-1,1.8247
151,7,-1,-1,1.823
151,8,-1,-1,1.82414
151,9,-1,-1,1.79323
151,10,-1,-1,1.79015
151,11,-1,-1,1.79167
151,12,-1,-1,1.79189
151,13,-1,-1,1.79356
151,14,-1,-1,1.79139
151,15,-1,-1,1.79106
151,16,-1,-1,1.79259
151,17,-1,-1,1.79048
151,18,-1,-1,1.78788
151,19,-1,-1,1.79271
152,0,-1,-1,1.81342
152,1,-1,-1,1.81047
152,2,-1,-1,1.8108
152,3,-1,-1,1.81451
152,4,-1,-1,1.82077
152,5,-1,-1,1.80582
152,6,-1,-1,1.8205
152,7,-1,-1,1.81658
152,8,-1,-1,1.81079
152,9,-1,-1,1.80984
152,10,-1,-1,1.80698
152,11,-1,-1,1.80702
152,12,-1,-1,1.80707
152,13,-1,-1,1.80985
152,14,-1,-1,1.85061
152,15,-1,-1,1.8087
152,16,-1,-1,1.80864
152,17,-1,-1,1.80907
152,18,-1,-1,1.8141
152,19,-1,-1,1.81712
153,0,-1,-1,1.83239
153,1,-1,-1,1.84123
153,2,-1,-1,1.84505
153,3,-1,-1,1.87049
153,4,-1,-1,1.87152
153,5,-1,-1,1.83935
153,6,-1,-1,1.87191
153,7,-1,-1,1.83708
153,8,-1,-1,1.83446
153,9,-1,-1,1.83203
153,10,-1,-1,1.83256
153,11,-1,-1,1.8323
153,12,-1,-1,1.83663
153,13,-1,-1,1.84638
153,14,-1,-1,1.83943
153,15,-1,-1,1.87449
153,16,-1,-1,1.84061
153,17,-1,-1,1.86227
153,18,-1,-1,1.83238
153,19,-1,-1,1.83947
154,0,-1,-1,1.86321
154,1,-1,-1,1.8993
154,2,-1,-1,1.8562
154,3,-1,-1,1.86019
154,4,-1,-1,1.89466
154,5,-1,-1,1.86291
154,6,-1,-1,1.86545
154,7,-1,-1,1.86571
154,8,-1,-1,1.86432
154,9,-1,-1,1.86412
154,10,-1,-1,1.89786
154,11,-1,-1,1.8947
154,12,-1,-1,1.89763
154,13,-1,-1,1.89649
154,14,-1,-1,1.8555
154,15,-1,-1,1.89633
154,16,-1,-1,1.86107
154,17,-1,-1,1.86103
154,18,-1,-1,1.85648
154,19,-1,-1,1.88941
155,0,-1,-1,1.91838
155,1,-1,-1,1.88873
155,2,-1,-1,1.8832
155,3,-1,-1,1.88414
155,4,-1,-1,1.88988
155,5,-1,-1,1.88898
155,6,-1,-1,1.88784
155,7,-1,-1,1.88486
155,8,-1,-1,1.8903
155,9,-1,-1,1.89185
155,10,-1,-1,1.88861
155,11,-1,-1,1.8926
155,12,-1,-1,1.88803
155,13,-1,-1,1.88856
155,14,-1,-1,1.88386
155,15,-1,-1,1.8898
155,16,-1,-1,1.88718
155,17,-1,-1,1.88737
155,18,-1,-1,1.87738
155,19,-1,-1,1.883
156,0,-1,-1,1.91784
156,1,-1,-1,1.90679
156,2,-1,-1,1.94259
156,3,-1,-1,1.94617
156,4,-1,-1,1.9456
156,5,-1,-1,1.9054
156,6,-1,-1,1.90992
156,7,-1,-1,1.9074
156,8,-1,-1,1.90502
156,9,-1,-1,1.9139
156,10,-1,-1,1.94556
156,11,-1,-1,1.90469
156,12,-1,-1,1.90742
156,13,-1,-1,1.91075
156,14,-1,-1,1.90749
156,15,-1,-1,1.96156
156,16,-1,-1,1.91402
156,17,-1,-1,1.9132
156,18,-1,-1,1.90419
156,19,-1,-1,1.90245
157,0,-1,-1,1.92631
157,1,-1,-1,1.92818
157,2,-1,-1,1.93325
157,3,-1,-1,1.96458
157,4,-1,-1,1.92904
157,5,-1,-1,1.93783
157,6,-1,-1,1.92734
157,7,-1,-1,1.93227
157,8,-1,-1,1.93577
157,9,-1,-1,1.93643
157,10,-1,-1,1.9392
157,11,-1,-1,1.93119
157,12,-1,-1,1.92982
157,13,-1,-1,1.93291
157,14,-1,-1,1.9347
157,15,-1,-1,1.933
157,16,-1,-1,1.93836
157,17,-1,-1,1.93061
157,18,-1,-1,1.96281
157,19,-1,-1,1.96413
158,0,-1,-1,1.95245
158,1,-1,-1,1.95538
158,2,-1,-1,1.96263
158,3,-1,-1,1.98799
158,4,-1,-1,1.95023
158,5,-1,-1,1.96536
158,6,-1,-1,1.95628
158,7,-1,-1,1.95582
158,8,-1,-1,1.95542
158,9,-1,-1,1.98657
158,10,-1,-1,1.95242
158,11,-1,-1,1.96181
158,12,-1,-1,1.95662
158,13,-1,-1,1.95079
158,14,-1,-1,1.98786
158,15,-1,-1,1.985
158,16,-1,-1,1.98326
158,17,-1,-1,1.95293
158,18,-1,-1,1.95803
158,19,-1,-1,1.95605
159,0,-1,-1,1.97938
159,1,-1,-1,1.98255
159,2,-1,-1,1.97883
159,3,-1,-1,1.97789
159,4,-1,-1,1.97834
159,5,-1,-1,1.97903
159,6,-1,-1,1.97892
159,7,-1,-1,2.0084
159,8,-1,-1,1.98051
159,9,-1,-1,1.97719
159,10,-1,-1,1.98451
159,11,-1,-1,1.98099
159,12,-1,-1,1.97673
159,13,-1,-1,1.97818
159,14,-1,-1,1.97647
159,15,-1,-1,1.97574
159,16,-1,-1,1.97829
159,17,-1,-1,1.98016
159,18,-1,-1,1.97381
159,19,-1,-1,1.98429
160,0,-1,-1,1.99733
160,1,-1,-1,1.99866
160,2,-1,-1,1.99796
160,3,-1,-1,1.99842
160,4,-1,-1,2.0015
160,5,-1,-1,2.00674
160,6,-1,-1,1.9992
160,7,-1,-1,2.00672
160,8,-1,-1,2.00666
160,9,-1,-1,2.00332
160,10,-1,-1,2.01178
160,11,-1,-1,2.04671
160,12,-1,-1,2.01058
160,13,-1,-1,2.00824
160,14,-1,-1,2.03822
160,15,-1,-1,2.03885
160,16,-1,-1,2.02357
160,17,-1,-1,2.00837
160,18,-1,-1,2.02147
160,19,-1,-1,2.00871
161,0,-1,-1,2.03374
161,1,-1,-1,2.03059
161,2,-1,-1,2.04095
161,3,-1,-1,2.0298
161,4,-1,-1,2.02226
161,5,-1,-1,2.02671
161,6,-1,-1,2.06345
161,7,-1,-1,2.02984
161,8,-1,-1,2.03476
161,9,-1,-1,2.02407
161,10,-1,-1,2.02535
161,11,-1,-1,2.02925
161,12,-1,-1,2.0304
161,13,-1,-1,2.02993
161,14,-1,-1,2.03314
161,15,-1,-1,2.03061
161,16,-1,-1,2.03603
161,17,-1,-1,2.0233
161,18,-1,-1,2.03307
161,19,-1,-1,2.02631
162,0,-1,-1,2.0532
162,1,-1,-1,2.05411
162,2,-1,-1,2.08603
162,3,-1,-1,2.04709
162,4,-1,-1,2.05434
162,5,-1,-1,2.05895
162,6,-1,-1,2.06221
162,7,-1,-1,2.05296
162,8,-1,-1,2.04727
162,9,-1,-1,2.04806
162,10,-1,-1,2.05153
162,11,-1,-1,2.05153
162,12,-1,-1,2.05235
162,13,-1,-1,2.06182
162,14,-1,-1,2.05489
162,15,-1,-1,2.04729
162,16,-1,-1,2.04655
162,17,-1,-1,2.04748
162,18,-1,-1,2.04771
162,19,-1,-1,2.0476
163,0,-1,-1,2.07308
163,1,-1,-1,2.07326
163,2,-1,-1,2.0746
163,3,-1,-1,2.07664
163,4,-1,-1,2.0754
163,5,-1,-1,2.07464
163,6,-1,-1,2.07099
163,7,-1,-1,2.0762
163,8,-1,-1,2.07901
163,9,-1,-1,2.07695
163,10,-1,-1,2.07207
163,11,-1,-1,2.07863
163,12,-1,-1,2.07966
163,13,-1,-1,2.07695
163,14,-1,-1,2.07987
163,15,-1,-1,2.07382
163,16,-1,-1,2.07637
163,17,-1,-1,2.07918
163,18,-1,-1,2.08216
163,19,-1,-1,2.11131
164,0,-1,-1,2.10457
164,1,-1,-1,2.24302
164,2,-1,-1,2.1025
164,3,-1,-1,2.09881
164,4,-1,-1,2.10786
164,5,-1,-1,2.13493
164,6,-1,-1,2.10086
164,7,-1,-1,2.10809
164,8,-1,-1,2.09886
164,9,-1,-1,2.09904
164,10,-1,-1,2.10804
164,11,-1,-1,2.13459
164,12,-1,-1,2.10217
164,13,-1,-1,2.09634
164,14,-1,-1,2.10261
164,15,-1,-1,2.09852
164,16,-1,-1,2.10118
164,17,-1,-1,2.13454
164,18,-1,-1,2.13353
164,19,-1,-1,2.10226
165,0,-1,-1,2.12424
165,1,-1,-1,2.12606
165,2,-1,-1,2.12986
165,3,-1,-1,2.12186
165,4,-1,-1,2.12573
165,5,-1,-1,2.12818
165,6,-1,-1,2.15796
165,7,-1,-1,2.12229
165,8,-1,-1,2.165
165,9,-1,-1,2.12502
165,10,-1,-1,2.12136
165,11,-1,-1,2.12498
165,12,-1,-1,2.12732
165,13,-1,-1,2.12643
165,14,-1,-1,2.12879
165,15,-1,-1,2.15494
165,16,-1,-1,2.12289
165,17,-1,-1,2.11876
165,18,-1,-1,2.13096
165,19,-1,-1,2.13084
166,0,-1,-1,2.1468
166,1,-1,-1,2.15523
166,2,-1,-1,2.15498
166,3,-1,-1,2.15194
166,4,-1,-1,2.16005
166,5,-1,-1,2.14769
166,6,-1,-1,2.16174
166,7,-1,-1,2.15753
166,8,-1,-1,2.14995
166,9,-1,-1,2.15631
166,10,-1,-1,2.18666
166,11,-1,-1,2.18558
166,12,-1,-1,2.1878
166,13,-1,-1,2.19793
166,14,-1,-1,2.1526
166,15,-1,-1,2.15553
166,16,-1,-1,2.15718
166,17,-1,-1,2.15209
166,18,-1,-1,2.14885
166,19,-1,-1,2.18654
167,0,-1,-1,2.18023
167,1,-1,-1,2.18209
167,2,-1,-1,2.18094
167,3,-1,-1,2.1784
167,4,-1,-1,2.17393
167,5,-1,-1,2.213
167,6,-1,-1,2.17983
167,7,-1,-1,2.17856
167,8,-1,-1,2.21681
167,9,-1,-1,2.17585
167,10,-1,-1,2.21488
167,11,-1,-1,2.21255
167,12,-1,-1,2.17729
167,13,-1,-1,2.21162
167,14,-1,-1,2.17223
167,15,-1,-1,2.18396
167,16,-1,-1,2.1721
167,17,-1,-1,2.17447
167,18,-1,-1,2.17727
167,19,-1,-1,2.1758
168,0,-1,-1,2.20049
168,1,-1,-1,2.1968
168,2,-1,-1,2.2024
168,3,-1,-1,2.20061
168,4,-1,-1,2.20593
168,5,-1,-1,2.20727
168,6,-1,-1,2.2102
168,7,-1,-1,2.20302
168,8,-1,-1,2.20587
168,9,-1,-1,2.19939
168,10,-1,-1,2.20224
168,11,-1,-1,2.20802
168,12,-1,-1,2.20239
168,13,-1,-1,2.20541
168,14,-1,-1,2.2473
168,15,-1,-1,2.20786
168,16,-1,-1,2.20665
168,17,-1,-1,2.19847
168,18,-1,-1,2.20383
168,19,-1,-1,2.20366
169,0,-1,-1,2.22558
169,1,-1,-1,2.2299
169,2,-1,-1,2.22885
169,3,-1,-1,2.22979
169,4,-1,-1,2.22883
169,5,-1,-1,2.225
169,6,-1,-1,2.26674
169,7,-1,-1,2.22497
169,8,-1,-1,2.22935
169,9,-1,-1,2.22887
169,10,-1,-1,2.26503
169,11,-1,-1,2.22529
169,12,-1,-1,2.23183
169,13,-1,-1,2.27076
169,14,-1,-1,2.23068
169,15,-1,-1,2.2333
169,16,-1,-1,2.224
169,17,-1,-1,2.22432
169,18,-1,-1,2.23167
169,19,-1,-1,2.22501
170,0,-1,-1,2.25093
170,1,-1,-1,2.29077
170,2,-1,-1,2.25124
170,3,-1,-1,2.25655
170,4,-1,-1,2.25361
170,5,-1,-1,2.25765
170,6,-1,-1,2.25368
170,7,-1,-1,2.25684
170,8,-1,-1,2.26265
170,9,-1,-1,2.24749
170,10,-1,-1,2.25319
170,11,-1,-1,2.25365
170,12,-1,-1,2.24767
170,13,-1,-1,2.24966
170,14,-1,-1,2.25351
170,15,-1,-1,2.24831
170,16,-1,-1,2.25648
170,17,-1,-1,2.29023
170,18,-1,-1,2.25465
170,19,-1,-1,2.2543
171,0,-1,-1,2.27881
171,1,-1,-1,2.2769
171,2,-1,-1,2.27723
171,3,-1,-1,2.28414
171,4,-1,-1,2.27243
171,5,-1,-1,2.28376
171,6,-1,-1,2.27824
171,7,-1,-1,2.27961
171,8,-1,-1,2.27763
171,9,-1,-1,2.27805
171,10,-1,-1,2.28037
171,11,-1,-1,2.28551
171,12,-1,-1,2.27748
171,13,-1,-1,2.27787
171,14,-1,-1,2.27872
171,15,-1,-1,2.27511
171,16,-1,-1,2.28476
171,17,-1,-1,2.28026
171,18,-1,-1,2.28401
171,19,-1,-1,2.28291
172,0,-1,-1,2.30305
172,1,-1,-1,2.30337
172,2,-1,-1,2.3015
172,3,-1,-1,2.33968
172,4,-1,-1,2.34019
172,5,-1,-1,2.33222
172,6,-1,-1,2.33133
172,7,-1,-1,2.30639
172,8,-1,-1,2.3024
172,9,-1,-1,2.3158
172,10,-1,-1,2.29992
172,11,-1,-1,2.30309
172,12,-1,-1,2.30913
172,13,-1,-1,2.30419
172,14,-1,-1,2.30268
172,15,-1,-1,2.30914
172,16,-1,-1,2.30403
172,17,-1,-1,2.33915
172,18,-1,-1,2.33162
172,19,-1,-1,2.3045
173,0,-1,-1,2.33586
173,1,-1,-1,2.3575
173,2,-1,-1,2.36425
173,3,-1,-1,2.33406
173,4,-1,-1,2.33299
173,5,-1,-1,2.32814
173,6,-1,-1,2.32846
173,7,-1,-1,2.36468
173,8,-1,-1,2.3347
173,9,-1,-1,2.33664
173,10,-1,-1,2.33318
173,11,-1,-1,2.33172
173,12,-1,-1,2.33262
173,13,-1,-1,2.33605
173,14,-1,-1,2.33427
173,15,-1,-1,2.36147
173,16,-1,-1,2.33506
173,17,-1,-1,2.32604
173,18,-1,-1,2.33484
173,19,-1,-1,2.32902
174,0,-1,-1,2.35839
174,1,-1,-1,2.36166
174,2,-1,-1,2.36181
174,3,-1,-1,2.38625
174,4,-1,-1,2.36274
174,5,-1,-1,2.35686
174,6,-1,-1,2.35877
174,7,-1,-1,2.3619
174,8,-1,-1,2.36278
174,9,-1,-1,2.35691
174,10,-1,-1,2.36295
174,11,-1,-1,2.3691
174,12,-1,-1,2.35996
174,13,-1,-1,2.35999
174,14,-1,-1,2.35575
174,15,-1,-1,2.36008
174,16,-1,-1,2.35508
174,17,-1,-1,2.36133
174,18,-1,-1,2.35044
174,19,-1,-1,2.36251
175,0,-1,-1,2.38735
175,1,-1,-1,2.38631
175,2,-1,-1,2.39124
175,3,-1,-1,2.3824
175,4,-1,-1,2.38707
175,5,-1,-1,2.4225
175,6,-1,-1,2.38697
175,7,-1,-1,2.39202
175,8,-1,-1,2.38666
175,9,-1,-1,2.37857
175,10,-1,-1,2.41441
175,11,-1,-1,2.42106
175,12,-1,-1,2.42065
175,13,-1,-1,2.4233
175,14,-1,-1,2.38093
175,15,-1,-1,2.41327
175,16,-1,-1,2.41348
175,17,-1,-1,2.42049
175,18,-1,-1,2.39116
175,19,-1,-1,2.41325
176,0,-1,-1,2.44674
176,1,-1,-1,2.40969
176,2,-1,-1,2.41082
176,3,-1,-1,2.42028
176,4,-1,-1,2.41656
176,5,-1,-1,2.41398
176,6,-1,-1,2.41544
176,7,-1,-1,2.41679
176,8,-1,-1,2.40818
176,9,-1,-1,2.41547
176,10,-1,-1,2.41573
176,11,-1,-1,2.41716
176,12,-1,-1,2.41265
176,13,-1,-1,2.42152
176,14,-1,-1,2.4144
176,15,-1,-1,2.41491
176,16,-1,-1,2.41978
176,17,-1,-1,2.40759
176,18,-1,-1,2.4077
176,19,-1,-1,2.4127
177,0,-1,-1,2.44622
177,1,-1,-1,2.44099
177,2,-1,-1,2.4505
177,3,-1,-1,2.47555
177,4,-1,-1,2.45252
177,5,-1,-1,2.45327
177,6,-1,-1,2.45123
177,7,-1,-1,2.47659
177,8,-1,-1,2.44053
177,9,-1,-1,2.44814
177,10,-1,-1,2.44018
177,11,-1,-1,2.46313
177,12,-1,-1,2.44539
177,13,-1,-1,2.43773
177,14,-1,-1,2.43946
177,15,-1,-1,2.47463
177,16,-1,-1,2.43517
177,17,-1,-1,2.44121
177,18,-1,-1,2.46814
177,19,-1,-1,2.43488
178,0,-1,-1,2.50103
178,1,-1,-1,2.46788
178,2,-1,-1,2.46092
178,3,-1,-1,2.49966
178,4,-1,-1,2.46469
178,5,-1,-1,2.47066
178,6,-1,-1,2.46481
178,7,-1,-1,2.50271
178,8,-1,-1,2.47119
178,9,-1,-1,2.4674
178,10,-1,-1,2.46937
178,11,-1,-1,2.46074
178,12,-1,-1,2.46296
178,13,-1,-1,2.46067
178,14,-1,-1,2.46265
178,15,-1,-1,2.46518
178,16,-1,-1,2.47063
178,17,-1,-1,2.46605
178,18,-1,-1,2.46849
178,19,-1,-1,2.46381
179,0,-1,-1,2.48916
179,1,-1,-1,2.52515
179,2,-1,-1,2.49471
179,3,-1,-1,2.48752
179,4,-1,-1,2.48963
179,5,-1,-1,2.49408
179,6,-1,-1,2.49649
179,7,-1,-1,2.48941
179,8,-1,-1,2.49911
179,9,-1,-1,2.49062
179,10,-1,-1,2.48966
179,11,-1,-1,2.49429
179,12,-1,-1,2.49349
179,13,-1,-1,2.49448
179,14,-1,-1,2.49125
179,15,-1,-1,2.49305
179,16,-1,-1,2.4905
179,17,-1,-1,2.49206
179,18,-1,-1,2.49853
179,19,-1,-1,2.49199
180,0,-1,-1,2.51959
180,1,-1,-1,2.51764
180,2,-1,-1,2.51819
180,3,-1,-1,2.55333
180,4,-1,-1,2.52502
180,5,-1,-1,2.51979
180,6,-1,-1,2.52562
180,7,-1,-1,2.52328
180,8,-1,-1,2.52402
180,9,-1,-1,2.51752
180,10,-1,-1,2.53079
180,11,-1,-1,2.52396
180,12,-1,-1,2.52397
180,13,-1,-1,2.51682
180,14,-1,-1,2.52301
180,15,-1,-1,2.52039
180,16,-1,-1,2.52707
180,17,-1,-1,2.51778
180,18,-1,-1,2.52773
180,19,-1,-1,2.5192
181,0,-1,-1,2.55025
181,1,-1,-1,2.54906
181,2,-1,-1,2.54519
181,3,-1,-1,2.54667
181,4,-1,-1,2.54893
181,5,-1,-1,2.55286
181,6,-1,-1,2.54981
181,7,-1,-1,2.55159
181,8,-1,-1,2.54124
181,9,-1,-1,2.54316
181,10,-1,-1,2.54038
181,11,-1,-1,2.55251
181,12,-1,-1,2.54345
181,13,-1,-1,2.54537
181,14,-1,-1,2.55366
181,15,-1,-1,2.55281
181,16,-1,-1,2.54917
181,17,-1,-1,2.54407
181,18,-1,-1,2.54767
181,19,-1,-1,2.54914
182,0,-1,-1,2.58226
182,1,-1,-1,2.57497
182,2,-1,-1,2.58476
182,3,-1,-1,2.58116
182,4,-1,-1,2.57643
182,5,-1,-1,2.57578
182,6,-1,-1,2.57581
182,7,-1,-1,2.57802
182,8,-1,-1,2.57583
182,9,-1,-1,2.61559
182,10,-1,-1,2.57748
182,11,-1,-1,2.57891
182,12,-1,-1,2.61066
182,13,-1,-1,2.60365
182,14,-1,-1,2.57799
182,15,-1,-1,2.61194
182,16,-1,-1,2.60981
182,17,-1,-1,2.61204
182,18,-1,-1,2.61009
182,19,-1,-1,2.60658
183,0,-1,-1,2.63673
183,1,-1,-1,2.64387
183,2,-1,-1,2.60413
183,3,-1,-1,2.63782
183,4,-1,-1,2.60247
183,5,-1,-1,2.60132
183,6,-1,-1,2.61004
183,7,-1,-1,2.60168
183,8,-1,-1,2.60061
183,9,-1,-1,2.60506
183,10,-1,-1,2.60415
183,11,-1,-1,2.60954
183,12,-1,-1,2.60322
183,13,-1,-1,2.6023
183,14,-1,-1,2.59998
183,15,-1,-1,2.6036
183,16,-1,-1,2.60425
183,17,-1,-1,2.60917
183,18,-1,-1,2.60478
183,19,-1,-1,2.61137
184,0,-1,-1,2.62957
184,1,-1,-1,2.63308
184,2,-1,-1,2.63009
184,3,-1,-1,2.62754
184,4,-1,-1,2.66693
184,5,-1,-1,2.63257
184,6,-1,-1,2.63
184,7,-1,-1,2.63123
184,8,-1,-1,2.62879
184,9,-1,-1,2.6295
184,10,-1,-1,2.63015
184,11,-1,-1,2.63838
184,12,-1,-1,2.6317
184,13,-1,-1,2.63184
184,14,-1,-1,2.63395
184,15,-1,-1,2.66531
184,16,-1,-1,2.6652
184,17,-1,-1,2.66645
184,18,-1,-1,2.632
184,19,-1,-1,2.63186
185,0,-1,-1,2.69119
185,1,-1,-1,2.69461
185,2,-1,-1,2.69483
185,3,-1,-1,2.66028
185,4,-1,-1,2.69717
185,5,-1,-1,2.66128
185,6,-1,-1,2.65539
185,7,-1,-1,2.69188
185,8,-1,-1,2.6625
185,9,-1,-1,2.66094
185,10,-1,-1,2.65842
185,11,-1,-1,2.65973
185,12,-1,-1,2.69534
185,13,-1,-1,2.65841
185,14,-1,-1,2.65891
185,15,-1,-1,2.66052
185,16,-1,-1,2.66375
185,17,-1,-1,2.66185
185,18,-1,-1,2.66576
185,19,-1,-1,2.65731
186,0,-1,-1,2.70663
186,1,-1,-1,2.69413
186,2,-1,-1,2.69835
186,3,-1,-1,2.69844
186,4,-1,-1,2.69872
186,5,-1,-1,2.70422
186,6,-1,-1,2.69601
186,7,-1,-1,2.71125
186,8,-1,-1,2.70088
186,9,-1,-1,2.70358
186,10,-1,-1,2.7057
186,11,-1,-1,2.70024
186,12,-1,-1,2.69709
186,13,-1,-1,2.70204
186,14,-1,-1,2.70333
186,15,-1,-1,2.70928
186,16,-1,-1,2.71597
186,17,-1,-1,2.70106
186,18,-1,-1,2.70136
186,19,-1,-1,2.70271
187,0,-1,-1,2.73254
187,1,-1,-1,2.76625
187,2,-1,-1,2.72359
187,3,-1,-1,2.73481
187,4,-1,-1,2.76602
187,5,-1,-1,2.72962
187,6,-1,-1,2.76297
187,7,-1,-1,2.73479
187,8,-1,-1,2.74401
187,9,-1,-1,2.72661
187,10,-1,-1,2.72521
187,11,-1,-1,2.72984
187,12,-1,-1,2.76241
187,13,-1,-1,2.76104
187,14,-1,-1,2.72545
187,15,-1,-1,2.72741
187,16,-1,-1,2.73647
187,17,-1,-1,2.72655
187,18,-1,-1,2.72726
187,19,-1,-1,2.73351
188,0,-1,-1,2.76201
188,1,-1,-1,2.75608
188,2,-1,-1,2.75424
188,3,-1,-1,2.79117
188,4,-1,-1,2.75942
188,5,-1,-1,2.75768
188,6,-1,-1,2.76169
188,7,-1,-1,2.75931
188,8,-1,-1,2.75525
188,9,-1,-1,2.78894
188,10,-1,-1,2.75989
188,11,-1,-1,2.76223
188,12,-1,-1,2.79434
188,13,-1,-1,2.80528
188,14,-1,-1,2.75803
188,15,-1,-1,2.75465
188,16,-1,-1,2.75095
188,17,-1,-1,2.75597
188,18,-1,-1,2.75227
188,19,-1,-1,2.75945
189,0,-1,-1,2.78725
189,1,-1,-1,2.78401
189,2,-1,-1,2.78702
189,3,-1,-1,2.80352
189,4,-1,-1,2.78839
189,5,-1,-1,2.79243
189,6,-1,-1,2.78642
189,7,-1,-1,2.82537
189,8,-1,-1,2.78296
189,9,-1,-1,2.79977
189,10,-1,-1,2.78462
189,11,-1,-1,2.78177
189,12,-1,-1,2.81204
189,13,-1,-1,2.78828
189,14,-1,-1,2.787
189,15,-1,-1,2.77897
189,16,-1,-1,2.7952
189,17,-1,-1,2.82139
189,18,-1,-1,2.78635
189,19,-1,-1,2.79112
190,0,-1,-1,2.7994
190,1,-1,-1,2.79833
190,2,-1,-1,2.80384
190,3,-1,-1,2.80232
190,4,-1,-1,2.80215
190,5,-1,-1,2.80288
190,6,-1,-1,2.80542
190,7,-1,-1,2.80655
190,8,-1,-1,2.80482
190,9,-1,-1,2.83702
190,10,-1,-1,2.83815
190,11,-1,-1,2.80432
190,12,-1,-1,2.83972
190,13,-1,-1,2.8032
190,14,-1,-1,2.83797
190,15,-1,-1,2.83318
190,16,-1,-1,2.83614
190,17,-1,-1,2.84395
190,18,-1,-1,2.83333
190,19,-1,-1,2.80466
191,0,-1,-1,2.83107
191,1,-1,-1,2.83535
191,2,-1,-1,2.83103
191,3,-1,-1,2.86984
191,4,-1,-1,2.83551
191,5,-1,-1,2.83508
191,6,-1,-1,2.8667
191,7,-1,-1,2.8674
191,8,-1,-1,2.82958
191,9,-1,-1,2.83168
191,10,-1,-1,2.83546
191,11,-1,-1,2.82876
191,12,-1,-1,2.83752
191,13,-1,-1,2.83556
191,14,-1,-1,2.86075
191,15,-1,-1,2.83265
191,16,-1,-1,2.82796
191,17,-1,-1,2.83495
191,18,-1,-1,2.83014
191,19,-1,-1,2.83454
192,0,-1,-1,2.85719
192,1,-1,-1,2.90285
192,2,-1,-1,2.85846
192,3,-1,-1,2.85456
192,4,-1,-1,2.86081
192,5,-1,-1,2.86099
192,6,-1,-1,2.87331
192,7,-1,-1,2.85694
192,8,-1,-1,2.86154
192,9,-1,-1,2.90231
192,10,-1,-1,2.86289
192,11,-1,-1,2.86725
192,12,-1,-1,2.89665
192,13,-1,-1,2.86405
192,14,-1,-1,2.86893
192,15,-1,-1,2.86649
192,16,-1,-1,2.85693
192,17,-1,-1,2.86697
192,18,-1,-1,2.86145
192,19,-1,-1,2.89612
193,0,-1,-1,2.92411
193,1,-1,-1,2.88934
193,2,-1,-1,2.89779
193,3,-1,-1,2.89476
193,4,-1,-1,2.89625
193,5,-1,-1,2.89619
193,6,-1,-1,2.89343
193,7,-1,-1,2.89152
193,8,-1,-1,2.88932
193,9,-1,-1,2.88944
193,10,-1,-1,2.88773
193,11,-1,-1,2.89519
193,12,-1,-1,2.89251
193,13,-1,-1,2.89047
193,14,-1,-1,2.88547
193,15,-1,-1,2.88895
193,16,-1,-1,2.89136
193,17,-1,-1,2.89965
193,18,-1,-1,2.89439
193,19,-1,-1,2.89684
194,0,-1,-1,2.92076
194,1,-1,-1,2.92055
194,2,-1,-1,2.92566
194,3,-1,-1,2.92219
194,4,-1,-1,2.92369
194,5,-1,-1,2.92239
194,6,-1,-1,2.9144
194,7,-1,-1,2.95471
194,8,-1,-1,2.91383
194,9,-1,-1,2.92064
194,10,-1,-1,2.9469
194,11,-1,-1,2.92174
194,12,-1,-1,2.91385
194,13,-1,-1,2.92218
194,14,-1,-1,2.92145
194,15,-1,-1,2.91637
194,16,-1,-1,2.9233
194,17,-1,-1,2.91819
194,18,-1,-1,2.91723
194,19,-1,-1,2.92533
195,0,-1,-1,2.94945
195,1,-1,-1,2.94593
195,2,-1,-1,2.94718
195,3,-1,-1,2.94742
195,4,-1,-1,2.94942
195,5,-1,-1,2.9492
195,6,-1,-1,2.94529
195,7,-1,-1,2.95548
195,8,-1,-1,2.9454
195,9,-1,-1,2.94994
195,10,-1,-1,2.94826
195,11,-1,-1,2.98977
195,12,-1,-1,2.98865
195,13,-1,-1,2.98649
195,14,-1,-1,2.9857
195,15,-1,-1,2.94787
195,16,-1,-1,2.94898
195,17,-1,-1,2.95578
195,18,-1,-1,2.94902
195,19,-1,-1,2.95245
196,0,-1,-1,2.98358
196,1,-1,-1,2.97573
196,2,-1,-1,2.97462
196,3,-1,-1,2.98483
196,4,-1,-1,2.97361
196,5,-1,-1,2.97213
196,6,-1,-1,3.01313
196,7,-1,-1,2.9796
196,8,-1,-1,2.97746
196,9,-1,-1,2.98233
196,10,-1,-1,3.01402
196,11,-1,-1,2.97673
196,12,-1,-1,3.01427
196,13,-1,-1,2.97599
196,14,-1,-1,3.01818
196,15,-1,-1,2.98018
196,16,-1,-1,2.98327
196,17,-1,-1,2.97753
196,18,-1,-1,2.97892
196,19,-1,-1,2.98304
197,0,-1,-1,3.02915
197,1,-1,-1,3.01043
197,2,-1,-1,3.00553
197,3,-1,-1,3.00443
197,4,-1,-1,3.0075
197,5,-1,-1,3.0048
197,6,-1,-1,3.00849
197,7,-1,-1,3.04608
197,8,-1,-1,3.04462
197,9,-1,-1,3.043
197,10,-1,-1,3.04208
197,11,-1,-1,3.03435
197,12,-1,-1,3.03562
197,13,-1,-1,3.0336
197,14,-1,-1,3.01456
197,15,-1,-1,3.00396
197,16,-1,-1,3.01036
197,17,-1,-1,3.01316
197,18,-1,-1,3.00628
197,19,-1,-1,3.04466
198,0,-1,-1,3.0366
198,1,-1,-1,3.04791
198,2,-1,-1,3.03784
198,3,-1,-1,3.04155
198,4,-1,-1,3.04533
198,5,-1,-1,3.03868
198,6,-1,-1,3.0431
198,7,-1,-1,3.04129
198,8,-1,-1,3.03733
198,9,-1,-1,3.04781
198,10,-1,-1,3.03373
198,11,-1,-1,3.04355
198,12,-1,-1,3.04222
198,13,-1,-1,3.04404
198,14,-1,-1,3.03741
198,15,-1,-1,3.04508
198,16,-1,-1,3.03362
198,17,-1,-1,3.03745
198,18,-1,-1,3.08478
198,19,-1,-1,3.03683
199,0,-1,-1,3.0791
199,1,-1,-1,3.06843
199,2,-1,-1,3.06796
199,3,-1,-1,3.07564
199,4,-1,-1,3.06962
199,5,-1,-1,3.07953
199,6,-1,-1,3.08035
199,7,-1,-1,3.06572
199,8,-1,-1,3.06855
199,9,-1,-1,3.07153
199,10,-1,-1,3.06996
199,11,-1,-1,3.06971
199,12,-1,-1,3.06904
199,13,-1,-1,3.07069
199,14,-1,-1,3.10505
199,15,-1,-1,3.07256
199,16,-1,-1,3.11212
199,17,-1,-1,3.06736
199,18,-1,-1,3.06911
199,19,-1,-1,3.07309
