Length,Number, MeanB, MeanBB, MeanD
1,0,-1,-1,0.014116
1,1,-1,-1,0.012936
1,2,-1,-1,0.014209
1,3,-1,-1,0.0141
1,4,-1,-1,0.014214
1,5,-1,-1,0.014168
1,6,-1,-1,0.014196
1,7,-1,-1,0.014069
1,8,-1,-1,0.013181
1,9,-1,-1,0.013075
1,10,-1,-1,0.014624
1,11,-1,-1,0.013039
1,12,-1,-1,0.027262
1,13,-1,-1,0.013016
1,14,-1,-1,0.01325
1,15,-1,-1,0.014211
1,16,-1,-1,0.014343
1,17,-1,-1,0.014313
1,18,-1,-1,0.014182
1,19,-1,-1,0.013042
2,0,-1,-1,0.0095805
2,1,-1,-1,0.00864
2,2,-1,-1,0.0094065
2,3,-1,-1,0.00952
2,4,-1,-1,0.0088005
2,5,-1,-1,0.008785
2,6,-1,-1,0.0087645
2,7,-1,-1,0.0087495
2,8,-1,-1,0.0088885
2,9,-1,-1,0.008907
2,10,-1,-1,0.00942
2,11,-1,-1,0.009335
2,12,-1,-1,0.009427
2,13,-1,-1,0.0093995
2,14,-1,-1,0.0093895
2,15,-1,-1,0.0087015
2,16,-1,-1,0.009375
2,17,-1,-1,0.00885
2,18,-1,-1,0.008811
2,19,-1,-1,0.0086765
3,0,-1,-1,0.00785367
3,1,-1,-1,0.00804133
3,2,-1,-1,0.00825533
3,3,-1,-1,0.00788633
3,4,-1,-1,0.008311
3,5,-1,-1,0.008
3,6,-1,-1,0.00790667
3,7,-1,-1,0.00787733
3,8,-1,-1,0.00786733
3,9,-1,-1,0.00786467
3,10,-1,-1,0.00796133
3,11,-1,-1,0.00811633
3,12,-1,-1,0.00789267
3,13,-1,-1,0.00793233
3,14,-1,-1,0.00784633
3,15,-1,-1,0.008293
3,16,-1,-1,0.008321
3,17,-1,-1,0.007842
3,18,-1,-1,0.00835733
3,19,-1,-1,0.00792833
4,0,-1,-1,0.00830875
4,1,-1,-1,0.0080685
4,2,-1,-1,0.00779025
4,3,-1,-1,0.008061
4,4,-1,-1,0.00781175
4,5,-1,-1,0.0078015
4,6,-1,-1,0.00779775
4,7,-1,-1,0.007756
4,8,-1,-1,0.008004
4,9,-1,-1,0.00778775
4,10,-1,-1,0.0080125
4,11,-1,-1,0.00822725
4,12,-1,-1,0.0078505
4,13,-1,-1,0.008033
4,14,-1,-1,0.00777025
4,15,-1,-1,0.007721
4,16,-1,-1,0.0077085
4,17,-1,-1,0.0078885
4,18,-1,-1,0.010739
4,19,-1,-1,0.0083505
5,0,-1,-1,0.0084752
5,1,-1,-1,0.0083606
5,2,-1,-1,0.008272
5,3,-1,-1,0.012853
5,4,-1,-1,0.0101302
5,5,-1,-1,0.0082504
5,6,-1,-1,0.0082768
5,7,-1,-1,0.0083008
5,8,-1,-1,0.0086336
5,9,-1,-1,0.0084558
5,10,-1,-1,0.008332
5,11,-1,-1,0.008228
5,12,-1,-1,0.0082722
5,13,-1,-1,0.0085386
5,14,-1,-1,0.0085404
5,15,-1,-1,0.0085136
5,16,-1,-1,0.0085786
5,17,-1,-1,0.0084418
5,18,-1,-1,0.008726
5,19,-1,-1,0.009185
6,0,-1,-1,0.00918267
6,1,-1,-1,0.00920083
6,2,-1,-1,0.00946617
6,3,-1,-1,0.00900333
6,4,-1,-1,0.009161
6,5,-1,-1,0.00916417
6,6,-1,-1,0.00921067
6,7,-1,-1,0.009175
6,8,-1,-1,0.009211
6,9,-1,-1,0.01148
6,10,-1,-1,0.00899267
6,11,-1,-1,0.00902583
6,12,-1,-1,0.009152
6,13,-1,-1,0.00925533
6,14,-1,-1,0.00921117
6,15,-1,-1,0.0092165
6,16,-1,-1,0.00934717
6,17,-1,-1,0.00907817
6,18,-1,-1,0.00902083
6,19,-1,-1,0.00903667
7,0,-1,-1,0.009989
7,1,-1,-1,0.0107559
7,2,-1,-1,0.0102006
7,3,-1,-1,0.0101757
7,4,-1,-1,0.0102003
7,5,-1,-1,0.00998357
7,6,-1,-1,0.010624
7,7,-1,-1,0.0102137
7,8,-1,-1,0.00998214
7,9,-1,-1,0.0101591
7,10,-1,-1,0.0100594
7,11,-1,-1,0.00994571
7,12,-1,-1,0.0102774
7,13,-1,-1,0.010422
7,14,-1,-1,0.0102143
7,15,-1,-1,0.0102606
7,16,-1,-1,0.0100613
7,17,-1,-1,0.010058
7,18,-1,-1,0.0100421
7,19,-1,-1,0.010224
8,0,-1,-1,0.0162621
8,1,-1,-1,0.011727
8,2,-1,-1,0.0122744
8,3,-1,-1,0.0116549
8,4,-1,-1,0.0116964
8,5,-1,-1,0.0133019
8,6,-1,-1,0.0115669
8,7,-1,-1,0.0119683
8,8,-1,-1,0.0117014
8,9,-1,-1,0.0116779
8,10,-1,-1,0.011681
8,11,-1,-1,0.0116623
8,12,-1,-1,0.0117144
8,13,-1,-1,0.0117361
8,14,-1,-1,0.0117064
8,15,-1,-1,0.0117412
8,16,-1,-1,0.0117486
8,17,-1,-1,0.0117196
8,18,-1,-1,0.0129542
8,19,-1,-1,0.01156
9,0,-1,-1,0.0134059
9,1,-1,-1,0.0133336
9,2,-1,-1,0.0141406
9,3,-1,-1,0.0134907
9,4,-1,-1,0.0135211
9,5,-1,-1,0.0134216
9,6,-1,-1,0.0133989
9,7,-1,-1,0.0134901
9,8,-1,-1,0.013375
9,9,-1,-1,0.0133581
9,10,-1,-1,0.0137761
9,11,-1,-1,0.0134736
9,12,-1,-1,0.0133037
9,13,-1,-1,0.0135074
9,14,-1,-1,0.0134351
9,15,-1,-1,0.0132853
9,16,-1,-1,0.0133917
9,17,-1,-1,0.0134293
9,18,-1,-1,0.0133861
9,19,-1,-1,0.013395
10,0,-1,-1,0.0156441
10,1,-1,-1,0.0156499
10,2,-1,-1,0.0155661
10,3,-1,-1,0.015868
10,4,-1,-1,0.0155052
10,5,-1,-1,0.0154721
10,6,-1,-1,0.015561
10,7,-1,-1,0.0154999
10,8,-1,-1,0.0154935
10,9,-1,-1,0.015487
10,10,-1,-1,0.0156088
10,11,-1,-1,0.0154985
10,12,-1,-1,0.0155367
10,13,-1,-1,0.0154854
10,14,-1,-1,0.0156017
10,15,-1,-1,0.0156516
10,16,-1,-1,0.0154918
10,17,-1,-1,0.0156339
10,18,-1,-1,0.0161479
10,19,-1,-1,0.0156523
11,0,-1,-1,0.018026
11,1,-1,-1,0.0180037
11,2,-1,-1,0.0178981
11,3,-1,-1,0.0177846
11,4,-1,-1,0.0179228
11,5,-1,-1,0.0179573
11,6,-1,-1,0.0179484
11,7,-1,-1,0.0178709
11,8,-1,-1,0.0218948
11,9,-1,-1,0.0178915
11,10,-1,-1,0.017785
11,11,-1,-1,0.0179475
11,12,-1,-1,0.0178777
11,13,-1,-1,0.0179452
11,14,-1,-1,0.0178441
11,15,-1,-1,0.0179286
11,16,-1,-1,0.021077
11,17,-1,-1,0.0181753
11,18,-1,-1,0.0178635
11,19,-1,-1,0.0179336
12,0,-1,-1,0.0203312
12,1,-1,-1,0.0203465
12,2,-1,-1,0.0203023
12,3,-1,-1,0.0203416
12,4,-1,-1,0.0204016
12,5,-1,-1,0.0203368
12,6,-1,-1,0.020453
12,7,-1,-1,0.0203236
12,8,-1,-1,0.0206775
12,9,-1,-1,0.0308337
12,10,-1,-1,0.0202875
12,11,-1,-1,0.0202952
12,12,-1,-1,0.0202068
12,13,-1,-1,0.0204042
12,14,-1,-1,0.0202843
12,15,-1,-1,0.0201829
12,16,-1,-1,0.0202453
12,17,-1,-1,0.0202001
12,18,-1,-1,0.0213235
12,19,-1,-1,0.0203026
13,0,-1,-1,0.0229927
13,1,-1,-1,0.0229315
13,2,-1,-1,0.0228262
13,3,-1,-1,0.0229443
13,4,-1,-1,0.0229341
13,5,-1,-1,0.0230162
13,6,-1,-1,0.0229952
13,7,-1,-1,0.0228912
13,8,-1,-1,0.0233569
13,9,-1,-1,0.0228942
13,10,-1,-1,0.0229242
13,11,-1,-1,0.0230037
13,12,-1,-1,0.022789
13,13,-1,-1,0.0229382
13,14,-1,-1,0.0228685
13,15,-1,-1,0.0240642
13,16,-1,-1,0.0229792
13,17,-1,-1,0.0231369
13,18,-1,-1,0.0230581
13,19,-1,-1,0.023086
14,0,-1,-1,0.025387
14,1,-1,-1,0.0253944
14,2,-1,-1,0.0260581
14,3,-1,-1,0.0254565
14,4,-1,-1,0.025278
14,5,-1,-1,0.0255665
14,6,-1,-1,0.0254491
14,7,-1,-1,0.0254132
14,8,-1,-1,0.0253854
14,9,-1,-1,0.0269191
14,10,-1,-1,0.0254568
14,11,-1,-1,0.0254244
14,12,-1,-1,0.0255927
14,13,-1,-1,0.0252916
14,14,-1,-1,0.0254214
14,15,-1,-1,0.0252822
14,16,-1,-1,0.0253618
14,17,-1,-1,0.0253196
14,18,-1,-1,0.0255501
14,19,-1,-1,0.0362656
15,0,-1,-1,0.0283861
15,1,-1,-1,0.0282623
15,2,-1,-1,0.0281771
15,3,-1,-1,0.028207
15,4,-1,-1,0.0284683
15,5,-1,-1,0.0295039
15,6,-1,-1,0.0282567
15,7,-1,-1,0.0286717
15,8,-1,-1,0.029214
15,9,-1,-1,0.0287145
15,10,-1,-1,0.0285939
15,11,-1,-1,0.0391331
15,12,-1,-1,0.0284994
15,13,-1,-1,0.028207
15,14,-1,-1,0.0283053
15,15,-1,-1,0.0283593
15,16,-1,-1,0.028256
15,17,-1,-1,0.0292557
15,18,-1,-1,0.0280862
15,19,-1,-1,0.0283113
16,0,-1,-1,0.0309402
16,1,-1,-1,0.0312838
16,2,-1,-1,0.0310538
16,3,-1,-1,0.0310488
16,4,-1,-1,0.0310241
16,5,-1,-1,0.0310712
16,6,-1,-1,0.0328235
16,7,-1,-1,0.0310267
16,8,-1,-1,0.0315823
16,9,-1,-1,0.0309509
16,10,-1,-1,0.0309711
16,11,-1,-1,0.0311561
16,12,-1,-1,0.0309643
16,13,-1,-1,0.0312622
16,14,-1,-1,0.0313893
16,15,-1,-1,0.0310824
16,16,-1,-1,0.0310531
16,17,-1,-1,0.0310056
16,18,-1,-1,0.0311596
16,19,-1,-1,0.0320959
17,0,-1,-1,0.0341369
17,1,-1,-1,0.0349218
17,2,-1,-1,0.0342825
17,3,-1,-1,0.0355126
17,4,-1,-1,0.0342199
17,5,-1,-1,0.0344207
17,6,-1,-1,0.0341058
17,7,-1,-1,0.034517
17,8,-1,-1,0.0340822
17,9,-1,-1,0.034575
17,10,-1,-1,0.034206
17,11,-1,-1,0.0349986
17,12,-1,-1,0.0341163
17,13,-1,-1,0.0379449
17,14,-1,-1,0.0340801
17,15,-1,-1,0.0343624
17,16,-1,-1,0.0341988
17,17,-1,-1,0.0341418
17,18,-1,-1,0.0342577
17,19,-1,-1,0.0341638
18,0,-1,-1,0.0372208
18,1,-1,-1,0.0371392
18,2,-1,-1,0.0372793
18,3,-1,-1,0.0371718
18,4,-1,-1,0.0546012
18,5,-1,-1,0.0374952
18,6,-1,-1,0.0371864
18,7,-1,-1,0.0372347
18,8,-1,-1,0.0386711
18,9,-1,-1,0.0372181
18,10,-1,-1,0.0378248
18,11,-1,-1,0.0385021
18,12,-1,-1,0.0380624
18,13,-1,-1,0.0370737
18,14,-1,-1,0.0384003
18,15,-1,-1,0.0371554
18,16,-1,-1,0.0375707
18,17,-1,-1,0.0371357
18,18,-1,-1,0.0371923
18,19,-1,-1,0.0371684
19,0,-1,-1,0.0410561
19,1,-1,-1,0.0407212
19,2,-1,-1,0.0403364
19,3,-1,-1,0.0407228
19,4,-1,-1,0.0410201
19,5,-1,-1,0.0404758
19,6,-1,-1,0.0403454
19,7,-1,-1,0.0406688
19,8,-1,-1,0.0403094
19,9,-1,-1,0.0417148
19,10,-1,-1,0.0443521
19,11,-1,-1,0.0403342
19,12,-1,-1,0.0402832
19,13,-1,-1,0.0410078
19,14,-1,-1,0.0407872
19,15,-1,-1,0.0403737
19,16,-1,-1,0.0412139
19,17,-1,-1,0.0404145
19,18,-1,-1,0.0412751
19,19,-1,-1,0.0403368
20,0,-1,-1,0.044414
20,1,-1,-1,0.0437139
20,2,-1,-1,0.0436797
20,3,-1,-1,0.0443354
20,4,-1,-1,0.0436994
20,5,-1,-1,0.0436274
20,6,-1,-1,0.0438116
20,7,-1,-1,0.0442226
20,8,-1,-1,0.0440619
20,9,-1,-1,0.0451602
20,10,-1,-1,0.0604919
20,11,-1,-1,0.0507189
20,12,-1,-1,0.0437472
20,13,-1,-1,0.0437739
20,14,-1,-1,0.0437585
20,15,-1,-1,0.0440681
20,16,-1,-1,0.0437501
20,17,-1,-1,0.0441632
20,18,-1,-1,0.0436209
20,19,-1,-1,0.0447795
21,0,-1,-1,0.0471817
21,1,-1,-1,0.0471852
21,2,-1,-1,0.0471908
21,3,-1,-1,0.047588
21,4,-1,-1,0.0475237
21,5,-1,-1,0.0471761
21,6,-1,-1,0.0476524
21,7,-1,-1,0.0472162
21,8,-1,-1,0.0471381
21,9,-1,-1,0.0473316
21,10,-1,-1,0.0473277
21,11,-1,-1,0.0476898
21,12,-1,-1,0.0477122
21,13,-1,-1,0.0677461
21,14,-1,-1,0.0493133
21,15,-1,-1,0.0473109
21,16,-1,-1,0.0472148
21,17,-1,-1,0.0471354
21,18,-1,-1,0.0471907
21,19,-1,-1,0.0471066
22,0,-1,-1,0.0529491
22,1,-1,-1,0.0519105
22,2,-1,-1,0.050985
22,3,-1,-1,0.0508632
22,4,-1,-1,0.051257
22,5,-1,-1,0.050918
22,6,-1,-1,0.0518722
22,7,-1,-1,0.0511427
22,8,-1,-1,0.0508846
22,9,-1,-1,0.0516281
22,10,-1,-1,0.0510348
22,11,-1,-1,0.0508918
22,12,-1,-1,0.0519401
22,13,-1,-1,0.0526407
22,14,-1,-1,0.0509422
22,15,-1,-1,0.058335
22,16,-1,-1,0.0692226
22,17,-1,-1,0.0509057
22,18,-1,-1,0.0513379
22,19,-1,-1,0.050974
23,0,-1,-1,0.0569417
23,1,-1,-1,0.0555401
23,2,-1,-1,0.0547203
23,3,-1,-1,0.0546627
23,4,-1,-1,0.0550719
23,5,-1,-1,0.0546052
23,6,-1,-1,0.0548781
23,7,-1,-1,0.0551587
23,8,-1,-1,0.0546993
23,9,-1,-1,0.0546845
23,10,-1,-1,0.054586
23,11,-1,-1,0.0548276
23,12,-1,-1,0.0566327
23,13,-1,-1,0.0611664
23,14,-1,-1,0.054592
23,15,-1,-1,0.0546646
23,16,-1,-1,0.055827
23,17,-1,-1,0.0549866
23,18,-1,-1,0.0546204
23,19,-1,-1,0.0557319
24,0,-1,-1,0.0586974
24,1,-1,-1,0.0586949
24,2,-1,-1,0.0599933
24,3,-1,-1,0.0594858
24,4,-1,-1,0.0587082
24,5,-1,-1,0.059161
24,6,-1,-1,0.0594921
24,7,-1,-1,0.0587184
24,8,-1,-1,0.0586718
24,9,-1,-1,0.0589268
24,10,-1,-1,0.0585502
24,11,-1,-1,0.0585899
24,12,-1,-1,0.0591012
24,13,-1,-1,0.0615731
24,14,-1,-1,0.0712875
24,15,-1,-1,0.0618205
24,16,-1,-1,0.0590632
24,17,-1,-1,0.0596306
24,18,-1,-1,0.058674
24,19,-1,-1,0.0586286
25,0,-1,-1,0.0632076
25,1,-1,-1,0.0631608
25,2,-1,-1,0.0628814
25,3,-1,-1,0.0628969
25,4,-1,-1,0.0632022
25,5,-1,-1,0.0631056
25,6,-1,-1,0.0628396
25,7,-1,-1,0.0635021
25,8,-1,-1,0.0633405
25,9,-1,-1,0.0632602
25,10,-1,-1,0.0628059
25,11,-1,-1,0.0627475
25,12,-1,-1,0.0632013
25,13,-1,-1,0.0627359
25,14,-1,-1,0.063859
25,15,-1,-1,0.0630036
25,16,-1,-1,0.0632786
25,17,-1,-1,0.0632008
25,18,-1,-1,0.062838
25,19,-1,-1,0.0627694
26,0,-1,-1,0.0794227
26,1,-1,-1,0.0674812
26,2,-1,-1,0.067084
26,3,-1,-1,0.0670334
26,4,-1,-1,0.0672285
26,5,-1,-1,0.067889
26,6,-1,-1,0.0672438
26,7,-1,-1,0.0671317
26,8,-1,-1,0.0769237
26,9,-1,-1,0.0676688
26,10,-1,-1,0.0893874
26,11,-1,-1,0.0761439
26,12,-1,-1,0.0677524
26,13,-1,-1,0.06707
26,14,-1,-1,0.0670789
26,15,-1,-1,0.0669977
26,16,-1,-1,0.0672262
26,17,-1,-1,0.0673774
26,18,-1,-1,0.0763584
26,19,-1,-1,0.0671957
27,0,-1,-1,0.0714165
27,1,-1,-1,0.0715524
27,2,-1,-1,0.071759
27,3,-1,-1,0.0720617
27,4,-1,-1,0.0721713
27,5,-1,-1,0.0714884
27,6,-1,-1,0.0715625
27,7,-1,-1,0.0715026
27,8,-1,-1,0.101706
27,9,-1,-1,0.0715453
27,10,-1,-1,0.0724297
27,11,-1,-1,0.072011
27,12,-1,-1,0.0721056
27,13,-1,-1,0.0715796
27,14,-1,-1,0.0714618
27,15,-1,-1,0.0719685
27,16,-1,-1,0.0717604
27,17,-1,-1,0.0722986
27,18,-1,-1,0.0715133
27,19,-1,-1,0.0722514
28,0,-1,-1,0.0762826
28,1,-1,-1,0.0788979
28,2,-1,-1,0.0777352
28,3,-1,-1,0.0767496
28,4,-1,-1,0.0768266
28,5,-1,-1,0.0763781
28,6,-1,-1,0.0765498
28,7,-1,-1,0.079758
28,8,-1,-1,0.0761017
28,9,-1,-1,0.0761885
28,10,-1,-1,0.0760574
28,11,-1,-1,0.0761665
28,12,-1,-1,0.0766889
28,13,-1,-1,0.076546
28,14,-1,-1,0.0763231
28,15,-1,-1,0.0767053
28,16,-1,-1,0.0856425
28,17,-1,-1,0.07637
28,18,-1,-1,0.0768504
28,19,-1,-1,0.0761117
29,0,-1,-1,0.0821334
29,1,-1,-1,0.0808282
29,2,-1,-1,0.0809632
29,3,-1,-1,0.0808374
29,4,-1,-1,0.0810256
29,5,-1,-1,0.0811908
29,6,-1,-1,0.0834101
29,7,-1,-1,0.0811733
29,8,-1,-1,0.0810089
29,9,-1,-1,0.0811481
29,10,-1,-1,0.0816244
29,11,-1,-1,0.0814217
29,12,-1,-1,0.0813784
29,13,-1,-1,0.0812376
29,14,-1,-1,0.0818754
29,15,-1,-1,0.0813042
29,16,-1,-1,0.0811231
29,17,-1,-1,0.0809074
29,18,-1,-1,0.0811892
29,19,-1,-1,0.0810387
30,0,-1,-1,0.0864383
30,1,-1,-1,0.0975342
30,2,-1,-1,0.0890008
30,3,-1,-1,0.0862089
30,4,-1,-1,0.0861178
30,5,-1,-1,0.0868822
30,6,-1,-1,0.0863183
30,7,-1,-1,0.0863418
30,8,-1,-1,0.0862457
30,9,-1,-1,0.0864251
30,10,-1,-1,0.0864293
30,11,-1,-1,0.0917872
30,12,-1,-1,0.0863049
30,13,-1,-1,0.0864397
30,14,-1,-1,0.0860998
30,15,-1,-1,0.0870197
30,16,-1,-1,0.103952
30,17,-1,-1,0.0866782
30,18,-1,-1,0.0858555
30,19,-1,-1,0.0860242
31,0,-1,-1,0.0912904
31,1,-1,-1,0.0913426
31,2,-1,-1,0.0914379
31,3,-1,-1,0.0914611
31,4,-1,-1,0.091332
31,5,-1,-1,0.0913638
31,6,-1,-1,0.0919487
31,7,-1,-1,0.0930371
31,8,-1,-1,0.0914176
31,9,-1,-1,0.0913636
31,10,-1,-1,0.0914175
31,11,-1,-1,0.091511
31,12,-1,-1,0.0912456
31,13,-1,-1,0.0943392
31,14,-1,-1,0.0916091
31,15,-1,-1,0.0917033
31,16,-1,-1,0.0913485
31,17,-1,-1,0.0910021
31,18,-1,-1,0.0912986
31,19,-1,-1,0.0914839
32,0,-1,-1,0.102143
32,1,-1,-1,0.107471
32,2,-1,-1,0.0969365
32,3,-1,-1,0.0961876
32,4,-1,-1,0.0981541
32,5,-1,-1,0.0964848
32,6,-1,-1,0.0969308
32,7,-1,-1,0.0964688
32,8,-1,-1,0.0966085
32,9,-1,-1,0.0970219
32,10,-1,-1,0.0971832
32,11,-1,-1,0.0969817
32,12,-1,-1,0.0962677
32,13,-1,-1,0.0978877
32,14,-1,-1,0.0969974
32,15,-1,-1,0.096399
32,16,-1,-1,0.106403
32,17,-1,-1,0.0963529
32,18,-1,-1,0.0964662
32,19,-1,-1,0.09653
33,0,-1,-1,0.101844
33,1,-1,-1,0.101758
33,2,-1,-1,0.102415
33,3,-1,-1,0.109805
33,4,-1,-1,0.102117
33,5,-1,-1,0.101959
33,6,-1,-1,0.102164
33,7,-1,-1,0.102314
33,8,-1,-1,0.10174
33,9,-1,-1,0.102872
33,10,-1,-1,0.112286
33,11,-1,-1,0.107503
33,12,-1,-1,0.102001
33,13,-1,-1,0.104753
33,14,-1,-1,0.101857
33,15,-1,-1,0.10187
33,16,-1,-1,0.101569
33,17,-1,-1,0.101757
33,18,-1,-1,0.101881
33,19,-1,-1,0.101811
34,0,-1,-1,0.108616
34,1,-1,-1,0.107271
34,2,-1,-1,0.107274
34,3,-1,-1,0.1091
34,4,-1,-1,0.11766
34,5,-1,-1,0.107714
34,6,-1,-1,0.107726
34,7,-1,-1,0.107201
34,8,-1,-1,0.107278
34,9,-1,-1,0.135724
34,10,-1,-1,0.107525
34,11,-1,-1,0.107445
34,12,-1,-1,0.107382
34,13,-1,-1,0.108048
34,14,-1,-1,0.10772
34,15,-1,-1,0.107505
34,16,-1,-1,0.109053
34,17,-1,-1,0.107426
34,18,-1,-1,0.107227
34,19,-1,-1,0.10851
35,0,-1,-1,0.114301
35,1,-1,-1,0.114071
35,2,-1,-1,0.127399
35,3,-1,-1,0.113147
35,4,-1,-1,0.170031
35,5,-1,-1,0.113194
35,6,-1,-1,0.112864
35,7,-1,-1,0.113535
35,8,-1,-1,0.121626
35,9,-1,-1,0.11313
35,10,-1,-1,0.113169
35,11,-1,-1,0.113189
35,12,-1,-1,0.113062
35,13,-1,-1,0.11322
35,14,-1,-1,0.112956
35,15,-1,-1,0.113095
35,16,-1,-1,0.113025
35,17,-1,-1,0.113001
35,18,-1,-1,0.113061
35,19,-1,-1,0.119573
36,0,-1,-1,0.119258
36,1,-1,-1,0.118933
36,2,-1,-1,0.129929
36,3,-1,-1,0.118944
36,4,-1,-1,0.118863
36,5,-1,-1,0.119085
36,6,-1,-1,0.119815
36,7,-1,-1,0.118947
36,8,-1,-1,0.11896
36,9,-1,-1,0.118821
36,10,-1,-1,0.119502
36,11,-1,-1,0.125268
36,12,-1,-1,0.119014
36,13,-1,-1,0.118792
36,14,-1,-1,0.120151
36,15,-1,-1,0.118694
36,16,-1,-1,0.119486
36,17,-1,-1,0.118888
36,18,-1,-1,0.11938
36,19,-1,-1,0.156992
37,0,-1,-1,0.171037
37,1,-1,-1,0.12514
37,2,-1,-1,0.125608
37,3,-1,-1,0.125105
37,4,-1,-1,0.124837
37,5,-1,-1,0.126674
37,6,-1,-1,0.12489
37,7,-1,-1,0.126387
37,8,-1,-1,0.127171
37,9,-1,-1,0.125465
37,10,-1,-1,0.124792
37,11,-1,-1,0.124945
37,12,-1,-1,0.126524
37,13,-1,-1,0.126793
37,14,-1,-1,0.125295
37,15,-1,-1,0.124804
37,16,-1,-1,0.125133
37,17,-1,-1,0.13014
37,18,-1,-1,0.134288
37,19,-1,-1,0.125026
38,0,-1,-1,0.130838
38,1,-1,-1,0.131083
38,2,-1,-1,0.136921
38,3,-1,-1,0.13084
38,4,-1,-1,0.133045
38,5,-1,-1,0.13199
38,6,-1,-1,0.131128
38,7,-1,-1,0.131706
38,8,-1,-1,0.131438
38,9,-1,-1,0.131144
38,10,-1,-1,0.130963
38,11,-1,-1,0.131969
38,12,-1,-1,0.130928
38,13,-1,-1,0.136743
38,14,-1,-1,0.131768
38,15,-1,-1,0.131486
38,16,-1,-1,0.13101
38,17,-1,-1,0.13162
38,18,-1,-1,0.13101
38,19,-1,-1,0.130867
39,0,-1,-1,0.136906
39,1,-1,-1,0.137169
39,2,-1,-1,0.137734
39,3,-1,-1,0.139459
39,4,-1,-1,0.137682
39,5,-1,-1,0.137253
39,6,-1,-1,0.137146
39,7,-1,-1,0.159469
39,8,-1,-1,0.13731
39,9,-1,-1,0.138985
39,10,-1,-1,0.137525
39,11,-1,-1,0.137419
39,12,-1,-1,0.137102
39,13,-1,-1,0.137986
39,14,-1,-1,0.137236
39,15,-1,-1,0.137206
39,16,-1,-1,0.13711
39,17,-1,-1,0.147058
39,18,-1,-1,0.137844
39,19,-1,-1,0.137398
40,0,-1,-1,0.143691
40,1,-1,-1,0.143695
40,2,-1,-1,0.144105
40,3,-1,-1,0.154095
40,4,-1,-1,0.143953
40,5,-1,-1,0.144129
40,6,-1,-1,0.144028
40,7,-1,-1,0.143718
40,8,-1,-1,0.14397
40,9,-1,-1,0.143421
40,10,-1,-1,0.14493
40,11,-1,-1,0.144735
40,12,-1,-1,0.143775
40,13,-1,-1,0.143798
40,14,-1,-1,0.145209
40,15,-1,-1,0.145036
40,16,-1,-1,0.143765
40,17,-1,-1,0.143754
40,18,-1,-1,0.148203
40,19,-1,-1,0.147019
41,0,-1,-1,0.155146
41,1,-1,-1,0.15005
41,2,-1,-1,0.1517
41,3,-1,-1,0.150294
41,4,-1,-1,0.151382
41,5,-1,-1,0.150246
41,6,-1,-1,0.150267
41,7,-1,-1,0.150143
41,8,-1,-1,0.150389
41,9,-1,-1,0.150176
41,10,-1,-1,0.150291
41,11,-1,-1,0.195245
41,12,-1,-1,0.151897
41,13,-1,-1,0.150781
41,14,-1,-1,0.150642
41,15,-1,-1,0.150216
41,16,-1,-1,0.151063
41,17,-1,-1,0.150199
41,18,-1,-1,0.149997
41,19,-1,-1,0.150837
42,0,-1,-1,0.179978
42,1,-1,-1,0.157076
42,2,-1,-1,0.156985
42,3,-1,-1,0.157122
42,4,-1,-1,0.191727
42,5,-1,-1,0.156889
42,6,-1,-1,0.157128
42,7,-1,-1,0.156804
42,8,-1,-1,0.157941
42,9,-1,-1,0.15735
42,10,-1,-1,0.156736
42,11,-1,-1,0.157782
42,12,-1,-1,0.163957
42,13,-1,-1,0.157791
42,14,-1,-1,0.156911
42,15,-1,-1,0.158363
42,16,-1,-1,0.158267
42,17,-1,-1,0.253265
42,18,-1,-1,0.157141
42,19,-1,-1,0.159508
43,0,-1,-1,0.164198
43,1,-1,-1,0.163803
43,2,-1,-1,0.163786
43,3,-1,-1,0.163831
43,4,-1,-1,0.163895
43,5,-1,-1,0.165089
43,6,-1,-1,0.164542
43,7,-1,-1,0.164871
43,8,-1,-1,0.163858
43,9,-1,-1,0.168831
43,10,-1,-1,0.164257
43,11,-1,-1,0.164475
43,12,-1,-1,0.165104
43,13,-1,-1,0.164644
43,14,-1,-1,0.163758
43,15,-1,-1,0.164573
43,16,-1,-1,0.164792
43,17,-1,-1,0.165424
43,18,-1,-1,0.164684
43,19,-1,-1,0.175456
44,0,-1,-1,0.17084
44,1,-1,-1,0.183218
44,2,-1,-1,0.178695
44,3,-1,-1,0.171112
44,4,-1,-1,0.171691
44,5,-1,-1,0.170963
44,6,-1,-1,0.171336
44,7,-1,-1,0.171048
44,8,-1,-1,0.170832
44,9,-1,-1,0.171327
44,10,-1,-1,0.179558
44,11,-1,-1,0.170849
44,12,-1,-1,0.17075
44,13,-1,-1,0.2613
44,14,-1,-1,0.170872
44,15,-1,-1,0.173072
44,16,-1,-1,0.171082
44,17,-1,-1,0.170872
44,18,-1,-1,0.171033
44,19,-1,-1,0.171414
45,0,-1,-1,0.186178
45,1,-1,-1,0.178159
45,2,-1,-1,0.178174
45,3,-1,-1,0.202372
45,4,-1,-1,0.182636
45,5,-1,-1,0.179602
45,6,-1,-1,0.178087
45,7,-1,-1,0.178024
45,8,-1,-1,0.178189
45,9,-1,-1,0.178009
45,10,-1,-1,0.178618
45,11,-1,-1,0.178186
45,12,-1,-1,0.17869
45,13,-1,-1,0.178148
45,14,-1,-1,0.180616
45,15,-1,-1,0.178996
45,16,-1,-1,0.178205
45,17,-1,-1,0.178646
45,18,-1,-1,0.178225
45,19,-1,-1,0.177873
46,0,-1,-1,0.18537
46,1,-1,-1,0.192599
46,2,-1,-1,0.185563
46,3,-1,-1,0.185762
46,4,-1,-1,0.187224
46,5,-1,-1,0.195561
46,6,-1,-1,0.185725
46,7,-1,-1,0.185326
46,8,-1,-1,0.186103
46,9,-1,-1,0.185282
46,10,-1,-1,0.185824
46,11,-1,-1,0.191976
46,12,-1,-1,0.186788
46,13,-1,-1,0.185723
46,14,-1,-1,0.186295
46,15,-1,-1,0.185737
46,16,-1,-1,0.196993
46,17,-1,-1,0.194265
46,18,-1,-1,0.185889
46,19,-1,-1,0.185275
47,0,-1,-1,0.212556
47,1,-1,-1,0.193721
47,2,-1,-1,0.192763
47,3,-1,-1,0.193962
47,4,-1,-1,0.192839
47,5,-1,-1,0.214131
47,6,-1,-1,0.193131
47,7,-1,-1,0.194242
47,8,-1,-1,0.193965
47,9,-1,-1,0.192859
47,10,-1,-1,0.192834
47,11,-1,-1,0.193264
47,12,-1,-1,0.193761
47,13,-1,-1,0.192858
47,14,-1,-1,0.192875
47,15,-1,-1,0.209198
47,16,-1,-1,0.192867
47,17,-1,-1,0.193304
47,18,-1,-1,0.193367
47,19,-1,-1,0.193988
48,0,-1,-1,0.201104
48,1,-1,-1,0.201001
48,2,-1,-1,0.200398
48,3,-1,-1,0.200336
48,4,-1,-1,0.200252
48,5,-1,-1,0.201342
48,6,-1,-1,0.200938
48,7,-1,-1,0.200483
48,8,-1,-1,0.201324
48,9,-1,-1,0.200642
48,10,-1,-1,0.200571
48,11,-1,-1,0.200619
48,12,-1,-1,0.200403
48,13,-1,-1,0.265387
48,14,-1,-1,0.228616
48,15,-1,-1,0.201193
48,16,-1,-1,0.219479
48,17,-1,-1,0.200232
48,18,-1,-1,0.200617
48,19,-1,-1,0.200434
49,0,-1,-1,0.208991
49,1,-1,-1,0.20958
49,2,-1,-1,0.211005
49,3,-1,-1,0.236235
49,4,-1,-1,0.210326
49,5,-1,-1,0.212413
49,6,-1,-1,0.208991
49,7,-1,-1,0.215864
49,8,-1,-1,0.208484
49,9,-1,-1,0.209501
49,10,-1,-1,0.208509
49,11,-1,-1,0.208224
49,12,-1,-1,0.215001
49,13,-1,-1,0.209844
49,14,-1,-1,0.208205
49,15,-1,-1,0.208379
49,16,-1,-1,0.208403
49,17,-1,-1,0.208339
49,18,-1,-1,0.217898
49,19,-1,-1,0.209636
50,0,-1,-1,0.216367
50,1,-1,-1,0.221569
50,2,-1,-1,0.216952
50,3,-1,-1,0.218082
50,4,-1,-1,0.216518
50,5,-1,-1,0.217407
50,6,-1,-1,0.222387
50,7,-1,-1,0.216542
50,8,-1,-1,0.21606
50,9,-1,-1,0.217283
50,10,-1,-1,0.22643
50,11,-1,-1,0.216503
50,12,-1,-1,0.223654
50,13,-1,-1,0.21619
50,14,-1,-1,0.222904
50,15,-1,-1,0.216143
50,16,-1,-1,0.216133
50,17,-1,-1,0.216229
50,18,-1,-1,0.216121
50,19,-1,-1,0.22343
51,0,-1,-1,0.231737
51,1,-1,-1,0.224061
51,2,-1,-1,0.224774
51,3,-1,-1,0.224283
51,4,-1,-1,0.245006
51,5,-1,-1,0.228441
51,6,-1,-1,0.231371
51,7,-1,-1,0.225699
51,8,-1,-1,0.224445
51,9,-1,-1,0.225368
51,10,-1,-1,0.226303
51,11,-1,-1,0.225756
51,12,-1,-1,0.226667
51,13,-1,-1,0.224281
51,14,-1,-1,0.234414
51,15,-1,-1,0.232474
51,16,-1,-1,0.231491
51,17,-1,-1,0.243807
51,18,-1,-1,0.224462
51,19,-1,-1,0.225749
52,0,-1,-1,0.232376
52,1,-1,-1,0.23242
52,2,-1,-1,0.234175
52,3,-1,-1,0.240186
52,4,-1,-1,0.232472
52,5,-1,-1,0.232676
52,6,-1,-1,0.233333
52,7,-1,-1,0.234831
52,8,-1,-1,0.232845
52,9,-1,-1,0.23551
52,10,-1,-1,0.235936
52,11,-1,-1,0.233511
52,12,-1,-1,0.319277
52,13,-1,-1,0.233863
52,14,-1,-1,0.234079
52,15,-1,-1,0.232452
52,16,-1,-1,0.250692
52,17,-1,-1,0.247227
52,18,-1,-1,0.297316
52,19,-1,-1,0.232822
53,0,-1,-1,0.245441
53,1,-1,-1,0.241035
53,2,-1,-1,0.245056
53,3,-1,-1,0.247187
53,4,-1,-1,0.260435
53,5,-1,-1,0.242041
53,6,-1,-1,0.241523
53,7,-1,-1,0.24092
53,8,-1,-1,0.240821
53,9,-1,-1,0.241238
53,10,-1,-1,0.240876
53,11,-1,-1,0.24555
53,12,-1,-1,0.263863
53,13,-1,-1,0.240992
53,14,-1,-1,0.243173
53,15,-1,-1,0.24083
53,16,-1,-1,0.247701
53,17,-1,-1,0.241215
53,18,-1,-1,0.241243
53,19,-1,-1,0.245413
54,0,-1,-1,0.250313
54,1,-1,-1,0.249623
54,2,-1,-1,0.250229
54,3,-1,-1,0.256285
54,4,-1,-1,0.25006
54,5,-1,-1,0.254528
54,6,-1,-1,0.251831
54,7,-1,-1,0.250378
54,8,-1,-1,0.249911
54,9,-1,-1,0.273889
54,10,-1,-1,0.249774
54,11,-1,-1,0.253926
54,12,-1,-1,0.249766
54,13,-1,-1,0.25068
54,14,-1,-1,0.250068
54,15,-1,-1,0.251029
54,16,-1,-1,0.250982
54,17,-1,-1,0.249889
54,18,-1,-1,0.249891
54,19,-1,-1,0.250284
55,0,-1,-1,0.265109
55,1,-1,-1,0.260014
55,2,-1,-1,0.259099
55,3,-1,-1,0.258664
55,4,-1,-1,0.262855
55,5,-1,-1,0.25981
55,6,-1,-1,0.258333
55,7,-1,-1,0.264514
55,8,-1,-1,0.260719
55,9,-1,-1,0.260366
55,10,-1,-1,0.258287
55,11,-1,-1,0.262738
55,12,-1,-1,0.258381
55,13,-1,-1,0.262644
55,14,-1,-1,0.271192
55,15,-1,-1,0.258839
55,16,-1,-1,0.258695
55,17,-1,-1,0.278378
55,18,-1,-1,0.258372
55,19,-1,-1,0.259361
56,0,-1,-1,0.267171
56,1,-1,-1,0.280114
56,2,-1,-1,0.267611
56,3,-1,-1,0.267026
56,4,-1,-1,0.267172
56,5,-1,-1,0.272941
56,6,-1,-1,0.267448
56,7,-1,-1,0.275309
56,8,-1,-1,0.380287
56,9,-1,-1,0.268903
56,10,-1,-1,0.26743
56,11,-1,-1,0.267702
56,12,-1,-1,0.26708
56,13,-1,-1,0.273866
56,14,-1,-1,0.271281
56,15,-1,-1,0.273659
56,16,-1,-1,0.278249
56,17,-1,-1,0.267953
56,18,-1,-1,0.269294
56,19,-1,-1,0.270633
57,0,-1,-1,0.292014
57,1,-1,-1,0.276357
57,2,-1,-1,0.29295
57,3,-1,-1,0.276256
57,4,-1,-1,0.282411
57,5,-1,-1,0.276807
57,6,-1,-1,0.277192
57,7,-1,-1,0.276119
57,8,-1,-1,0.276408
57,9,-1,-1,0.276409
57,10,-1,-1,0.276465
57,11,-1,-1,0.293718
57,12,-1,-1,0.277682
57,13,-1,-1,0.27715
57,14,-1,-1,0.276837
57,15,-1,-1,0.276487
57,16,-1,-1,0.276343
57,17,-1,-1,0.291448
57,18,-1,-1,0.276726
57,19,-1,-1,0.278565
58,0,-1,-1,0.285758
58,1,-1,-1,0.285141
58,2,-1,-1,0.28537
58,3,-1,-1,0.309738
58,4,-1,-1,0.302232
58,5,-1,-1,0.285472
58,6,-1,-1,0.285559
58,7,-1,-1,0.285338
58,8,-1,-1,0.285779
58,9,-1,-1,0.309226
58,10,-1,-1,0.285714
58,11,-1,-1,0.285522
58,12,-1,-1,0.286113
58,13,-1,-1,0.286962
58,14,-1,-1,0.287735
58,15,-1,-1,0.362049
58,16,-1,-1,0.291294
58,17,-1,-1,0.286085
58,18,-1,-1,0.286588
58,19,-1,-1,0.285339
59,0,-1,-1,0.311559
59,1,-1,-1,0.301256
59,2,-1,-1,0.296362
59,3,-1,-1,0.296288
59,4,-1,-1,0.310706
59,5,-1,-1,0.294432
59,6,-1,-1,0.296041
59,7,-1,-1,0.296264
59,8,-1,-1,0.296106
59,9,-1,-1,0.299314
59,10,-1,-1,0.294751
59,11,-1,-1,0.299295
59,12,-1,-1,0.296103
59,13,-1,-1,0.313365
59,14,-1,-1,0.294414
59,15,-1,-1,0.295737
59,16,-1,-1,0.296275
59,17,-1,-1,0.295416
59,18,-1,-1,0.295382
59,19,-1,-1,0.31968
60,0,-1,-1,0.306099
60,1,-1,-1,0.308792
60,2,-1,-1,0.304349
60,3,-1,-1,0.305841
60,4,-1,-1,0.308812
60,5,-1,-1,0.435413
60,6,-1,-1,0.306517
60,7,-1,-1,0.306917
60,8,-1,-1,0.303949
60,9,-1,-1,0.330608
60,10,-1,-1,0.307607
60,11,-1,-1,0.304552
60,12,-1,-1,0.306187
60,13,-1,-1,0.304701
60,14,-1,-1,0.30445
60,15,-1,-1,0.311149
60,16,-1,-1,0.304108
60,17,-1,-1,0.305418
60,18,-1,-1,0.304331
60,19,-1,-1,0.319537
61,0,-1,-1,0.325437
61,1,-1,-1,0.313989
61,2,-1,-1,0.315631
61,3,-1,-1,0.313804
61,4,-1,-1,0.324255
61,5,-1,-1,0.31433
61,6,-1,-1,0.314245
61,7,-1,-1,0.315174
61,8,-1,-1,0.315278
61,9,-1,-1,0.314011
61,10,-1,-1,0.314554
61,11,-1,-1,0.316486
61,12,-1,-1,0.314958
61,13,-1,-1,0.316127
61,14,-1,-1,0.335826
61,15,-1,-1,0.314992
61,16,-1,-1,0.315789
61,17,-1,-1,0.313544
61,18,-1,-1,0.313815
61,19,-1,-1,0.322349
62,0,-1,-1,0.32384
62,1,-1,-1,0.341886
62,2,-1,-1,0.323725
62,3,-1,-1,0.323966
62,4,-1,-1,0.329748
62,5,-1,-1,0.324124
62,6,-1,-1,0.32342
62,7,-1,-1,0.323568
62,8,-1,-1,0.331493
62,9,-1,-1,0.328483
62,10,-1,-1,0.325777
62,11,-1,-1,0.326474
62,12,-1,-1,0.324272
62,13,-1,-1,0.325697
62,14,-1,-1,0.325166
62,15,-1,-1,0.32413
62,16,-1,-1,0.323532
62,17,-1,-1,0.325871
62,18,-1,-1,0.323535
62,19,-1,-1,0.340532
63,0,-1,-1,0.338768
63,1,-1,-1,0.335964
63,2,-1,-1,0.340821
63,3,-1,-1,0.335474
63,4,-1,-1,0.334393
63,5,-1,-1,0.334228
63,6,-1,-1,0.333358
63,7,-1,-1,0.333301
63,8,-1,-1,0.333116
63,9,-1,-1,0.437063
63,10,-1,-1,0.333721
63,11,-1,-1,0.335588
63,12,-1,-1,0.33836
63,13,-1,-1,0.33373
63,14,-1,-1,0.354808
63,15,-1,-1,0.333197
63,16,-1,-1,0.333375
63,17,-1,-1,0.342194
63,18,-1,-1,0.333255
63,19,-1,-1,0.364362
64,0,-1,-1,0.343775
64,1,-1,-1,0.343261
64,2,-1,-1,0.343728
64,3,-1,-1,0.343302
64,4,-1,-1,0.348864
64,5,-1,-1,0.343801
64,6,-1,-1,0.343374
64,7,-1,-1,0.344263
64,8,-1,-1,0.343513
64,9,-1,-1,0.345768
64,10,-1,-1,0.34864
64,11,-1,-1,0.346959
64,12,-1,-1,0.343262
64,13,-1,-1,0.345668
64,14,-1,-1,0.472966
64,15,-1,-1,0.343744
64,16,-1,-1,0.344711
64,17,-1,-1,0.344784
64,18,-1,-1,0.360629
64,19,-1,-1,0.368837
65,0,-1,-1,0.35508
65,1,-1,-1,0.354714
65,2,-1,-1,0.358931
65,3,-1,-1,0.358964
65,4,-1,-1,0.362216
65,5,-1,-1,0.358262
65,6,-1,-1,0.354945
65,7,-1,-1,0.354848
65,8,-1,-1,0.354306
65,9,-1,-1,0.372637
65,10,-1,-1,0.356137
65,11,-1,-1,0.354235
65,12,-1,-1,0.356283
65,13,-1,-1,0.353441
65,14,-1,-1,0.364598
65,15,-1,-1,0.362664
65,16,-1,-1,0.353769
65,17,-1,-1,0.353421
65,18,-1,-1,0.353528
65,19,-1,-1,0.362312
66,0,-1,-1,0.377874
66,1,-1,-1,0.365922
66,2,-1,-1,0.365931
66,3,-1,-1,0.38241
66,4,-1,-1,0.368474
66,5,-1,-1,0.365442
66,6,-1,-1,0.36813
66,7,-1,-1,0.378331
66,8,-1,-1,0.379804
66,9,-1,-1,0.365286
66,10,-1,-1,0.36694
66,11,-1,-1,0.372621
66,12,-1,-1,0.363855
66,13,-1,-1,0.364506
66,14,-1,-1,0.364897
66,15,-1,-1,0.377434
66,16,-1,-1,0.364431
66,17,-1,-1,0.36802
66,18,-1,-1,0.367719
66,19,-1,-1,0.385566
67,0,-1,-1,0.376748
67,1,-1,-1,0.37404
67,2,-1,-1,0.380973
67,3,-1,-1,0.380334
67,4,-1,-1,0.376701
67,5,-1,-1,0.376967
67,6,-1,-1,0.378826
67,7,-1,-1,0.424328
67,8,-1,-1,0.379732
67,9,-1,-1,0.379305
67,10,-1,-1,0.377815
67,11,-1,-1,0.395167
67,12,-1,-1,0.380567
67,13,-1,-1,0.378261
67,14,-1,-1,0.374645
67,15,-1,-1,0.386745
67,16,-1,-1,0.377591
67,17,-1,-1,0.374593
67,18,-1,-1,0.374267
67,19,-1,-1,0.430009
68,0,-1,-1,0.388613
68,1,-1,-1,0.399392
68,2,-1,-1,0.398769
68,3,-1,-1,0.405966
68,4,-1,-1,0.400449
68,5,-1,-1,0.398303
68,6,-1,-1,0.385857
68,7,-1,-1,0.390204
68,8,-1,-1,0.387469
68,9,-1,-1,0.398786
68,10,-1,-1,0.398535
68,11,-1,-1,0.494126
68,12,-1,-1,0.385059
68,13,-1,-1,0.391099
68,14,-1,-1,0.385843
68,15,-1,-1,0.483987
68,16,-1,-1,0.389447
68,17,-1,-1,0.386814
68,18,-1,-1,0.386233
68,19,-1,-1,0.385964
69,0,-1,-1,0.401828
69,1,-1,-1,0.409394
69,2,-1,-1,0.398011
69,3,-1,-1,0.408271
69,4,-1,-1,0.395638
69,5,-1,-1,0.395973
69,6,-1,-1,0.399458
69,7,-1,-1,0.418517
69,8,-1,-1,0.396197
69,9,-1,-1,0.398795
69,10,-1,-1,0.402257
69,11,-1,-1,0.416585
69,12,-1,-1,0.396805
69,13,-1,-1,0.396278
69,14,-1,-1,0.395886
69,15,-1,-1,0.401673
69,16,-1,-1,0.397603
69,17,-1,-1,0.396097
69,18,-1,-1,0.400423
69,19,-1,-1,0.411203
70,0,-1,-1,0.408514
70,1,-1,-1,0.406592
70,2,-1,-1,0.406554
70,3,-1,-1,0.41847
70,4,-1,-1,0.409556
70,5,-1,-1,0.4211
70,6,-1,-1,0.407179
70,7,-1,-1,0.411198
70,8,-1,-1,0.406405
70,9,-1,-1,0.421062
70,10,-1,-1,0.420286
70,11,-1,-1,0.431397
70,12,-1,-1,0.408246
70,13,-1,-1,0.407114
70,14,-1,-1,0.408325
70,15,-1,-1,0.423229
70,16,-1,-1,0.407322
70,17,-1,-1,0.40712
70,18,-1,-1,0.408107
70,19,-1,-1,0.419544
71,0,-1,-1,0.419075
71,1,-1,-1,0.41876
71,2,-1,-1,0.418772
71,3,-1,-1,0.430744
71,4,-1,-1,0.417623
71,5,-1,-1,0.425039
71,6,-1,-1,0.420847
71,7,-1,-1,0.434856
71,8,-1,-1,0.41762
71,9,-1,-1,0.424664
71,10,-1,-1,0.418074
71,11,-1,-1,0.419566
71,12,-1,-1,0.418547
71,13,-1,-1,0.421635
71,14,-1,-1,0.417784
71,15,-1,-1,0.536052
71,16,-1,-1,0.418828
71,17,-1,-1,0.417725
71,18,-1,-1,0.417948
71,19,-1,-1,0.430044
72,0,-1,-1,0.429797
72,1,-1,-1,0.429252
72,2,-1,-1,0.434004
72,3,-1,-1,0.440814
72,4,-1,-1,0.4292
72,5,-1,-1,0.442521
72,6,-1,-1,0.429563
72,7,-1,-1,0.558961
72,8,-1,-1,0.429021
72,9,-1,-1,0.441974
72,10,-1,-1,0.434668
72,11,-1,-1,0.439856
72,12,-1,-1,0.429557
72,13,-1,-1,0.43075
72,14,-1,-1,0.428692
72,15,-1,-1,0.543454
72,16,-1,-1,0.429261
72,17,-1,-1,0.441798
72,18,-1,-1,0.433508
72,19,-1,-1,0.445851
73,0,-1,-1,0.44344
73,1,-1,-1,0.446469
73,2,-1,-1,0.444895
73,3,-1,-1,0.441007
73,4,-1,-1,0.440412
73,5,-1,-1,0.44826
73,6,-1,-1,0.454329
73,7,-1,-1,0.444849
73,8,-1,-1,0.442559
73,9,-1,-1,0.443996
73,10,-1,-1,0.440713
73,11,-1,-1,0.444863
73,12,-1,-1,0.44397
73,13,-1,-1,0.440811
73,14,-1,-1,0.448377
73,15,-1,-1,0.441275
73,16,-1,-1,0.441733
73,17,-1,-1,0.448533
73,18,-1,-1,0.44222
73,19,-1,-1,0.44241
74,0,-1,-1,0.459633
74,1,-1,-1,0.457122
74,2,-1,-1,0.45723
74,3,-1,-1,0.494118
74,4,-1,-1,0.460412
74,5,-1,-1,0.45449
74,6,-1,-1,0.452705
74,7,-1,-1,0.452441
74,8,-1,-1,0.464297
74,9,-1,-1,0.452412
74,10,-1,-1,0.45268
74,11,-1,-1,0.452251
74,12,-1,-1,0.454152
74,13,-1,-1,0.452847
74,14,-1,-1,0.452385
74,15,-1,-1,0.468846
74,16,-1,-1,0.45597
74,17,-1,-1,0.454984
74,18,-1,-1,0.466908
74,19,-1,-1,0.465321
75,0,-1,-1,0.463825
75,1,-1,-1,0.469058
75,2,-1,-1,0.465997
75,3,-1,-1,0.46448
75,4,-1,-1,0.472806
75,5,-1,-1,0.464207
75,6,-1,-1,0.463858
75,7,-1,-1,0.482242
75,8,-1,-1,0.468479
75,9,-1,-1,0.465111
75,10,-1,-1,0.470705
75,11,-1,-1,0.464671
75,12,-1,-1,0.465467
75,13,-1,-1,0.467251
75,14,-1,-1,0.464704
75,15,-1,-1,0.463606
75,16,-1,-1,0.4736
75,17,-1,-1,0.463818
75,18,-1,-1,0.470875
75,19,-1,-1,0.475387
76,0,-1,-1,0.477661
76,1,-1,-1,0.482439
76,2,-1,-1,0.493645
76,3,-1,-1,0.47558
76,4,-1,-1,0.482519
76,5,-1,-1,0.490151
76,6,-1,-1,0.477831
76,7,-1,-1,0.477114
76,8,-1,-1,0.485328
76,9,-1,-1,0.475995
76,10,-1,-1,0.489105
76,11,-1,-1,0.49005
76,12,-1,-1,0.475953
76,13,-1,-1,0.476946
76,14,-1,-1,0.569211
76,15,-1,-1,0.479112
76,16,-1,-1,0.479357
76,17,-1,-1,0.499915
76,18,-1,-1,0.489997
76,19,-1,-1,0.476297
77,0,-1,-1,0.497729
77,1,-1,-1,0.488649
77,2,-1,-1,0.488569
77,3,-1,-1,0.488694
77,4,-1,-1,0.491953
77,5,-1,-1,0.487882
77,6,-1,-1,0.505017
77,7,-1,-1,0.500401
77,8,-1,-1,0.499619
77,9,-1,-1,0.594642
77,10,-1,-1,0.487351
77,11,-1,-1,0.489799
77,12,-1,-1,0.494155
77,13,-1,-1,0.488649
77,14,-1,-1,0.489174
77,15,-1,-1,0.514544
77,16,-1,-1,0.488319
77,17,-1,-1,0.492358
77,18,-1,-1,0.49613
77,19,-1,-1,0.49981
78,0,-1,-1,0.503128
78,1,-1,-1,0.51817
78,2,-1,-1,0.51289
78,3,-1,-1,0.499114
78,4,-1,-1,0.508695
78,5,-1,-1,0.501504
78,6,-1,-1,0.499921
78,7,-1,-1,0.515624
78,8,-1,-1,0.501819
78,9,-1,-1,0.513932
78,10,-1,-1,0.509133
78,11,-1,-1,0.504585
78,12,-1,-1,0.502657
78,13,-1,-1,0.507608
78,14,-1,-1,0.499931
78,15,-1,-1,0.501089
78,16,-1,-1,0.508685
78,17,-1,-1,0.499527
78,18,-1,-1,0.50584
78,19,-1,-1,0.505887
79,0,-1,-1,0.512311
79,1,-1,-1,0.52334
79,2,-1,-1,0.520057
79,3,-1,-1,0.512432
79,4,-1,-1,0.51242
79,5,-1,-1,0.542494
79,6,-1,-1,0.512369
79,7,-1,-1,0.513713
79,8,-1,-1,0.513505
79,9,-1,-1,0.513513
79,10,-1,-1,0.52454
79,11,-1,-1,0.51264
79,12,-1,-1,0.511855
79,13,-1,-1,0.514516
79,14,-1,-1,0.514633
79,15,-1,-1,0.5248
79,16,-1,-1,0.515279
79,17,-1,-1,0.519964
79,18,-1,-1,0.511632
79,19,-1,-1,0.524495
80,0,-1,-1,0.631462
80,1,-1,-1,0.524333
80,2,-1,-1,0.526839
80,3,-1,-1,0.552876
80,4,-1,-1,0.524997
80,5,-1,-1,0.524116
80,6,-1,-1,0.536914
80,7,-1,-1,0.529497
80,8,-1,-1,0.526485
80,9,-1,-1,0.537877
80,10,-1,-1,0.537323
80,11,-1,-1,0.527228
80,12,-1,-1,0.533752
80,13,-1,-1,0.52729
80,14,-1,-1,0.524509
80,15,-1,-1,0.537565
80,16,-1,-1,0.525455
80,17,-1,-1,0.526092
80,18,-1,-1,0.540181
80,19,-1,-1,0.524215
81,0,-1,-1,0.53682
81,1,-1,-1,0.556604
81,2,-1,-1,0.536528
81,3,-1,-1,0.537101
81,4,-1,-1,0.54018
81,5,-1,-1,0.537533
81,6,-1,-1,0.53818
81,7,-1,-1,0.641661
81,8,-1,-1,0.540352
81,9,-1,-1,0.540601
81,10,-1,-1,0.640392
81,11,-1,-1,0.537423
81,12,-1,-1,0.537311
81,13,-1,-1,0.642011
81,14,-1,-1,0.537493
81,15,-1,-1,0.539219
81,16,-1,-1,0.644267
81,17,-1,-1,0.546656
81,18,-1,-1,0.540902
81,19,-1,-1,0.548941
82,0,-1,-1,0.562116
82,1,-1,-1,0.55324
82,2,-1,-1,0.552985
82,3,-1,-1,0.549254
82,4,-1,-1,0.55092
82,5,-1,-1,0.550477
82,6,-1,-1,0.5503
82,7,-1,-1,0.552948
82,8,-1,-1,0.556826
82,9,-1,-1,0.557857
82,10,-1,-1,0.551307
82,11,-1,-1,0.558451
82,12,-1,-1,0.563485
82,13,-1,-1,0.549652
82,14,-1,-1,0.569171
82,15,-1,-1,0.549755
82,16,-1,-1,0.552355
82,17,-1,-1,0.554211
82,18,-1,-1,0.549133
82,19,-1,-1,0.54987
83,0,-1,-1,0.580511
83,1,-1,-1,0.566766
83,2,-1,-1,0.563977
83,3,-1,-1,0.565381
83,4,-1,-1,0.573442
83,5,-1,-1,0.561906
83,6,-1,-1,0.567431
83,7,-1,-1,0.562798
83,8,-1,-1,0.56297
83,9,-1,-1,0.567109
83,10,-1,-1,0.56288
83,11,-1,-1,0.564529
83,12,-1,-1,0.578415
83,13,-1,-1,0.568224
83,14,-1,-1,0.568075
83,15,-1,-1,0.665894
83,16,-1,-1,0.563445
83,17,-1,-1,0.562446
83,18,-1,-1,0.580481
83,19,-1,-1,0.566638
84,0,-1,-1,0.575321
84,1,-1,-1,0.580675
84,2,-1,-1,0.582698
84,3,-1,-1,0.575654
84,4,-1,-1,0.591187
84,5,-1,-1,0.591288
84,6,-1,-1,0.581032
84,7,-1,-1,0.576596
84,8,-1,-1,0.581039
84,9,-1,-1,0.575591
84,10,-1,-1,0.576899
84,11,-1,-1,0.576982
84,12,-1,-1,0.578395
84,13,-1,-1,0.67835
84,14,-1,-1,0.575221
84,15,-1,-1,0.579329
84,16,-1,-1,0.579139
84,17,-1,-1,0.582004
84,18,-1,-1,0.578633
84,19,-1,-1,0.57531
85,0,-1,-1,0.590999
85,1,-1,-1,0.590362
85,2,-1,-1,0.604589
85,3,-1,-1,0.598481
85,4,-1,-1,0.608117
85,5,-1,-1,0.589289
85,6,-1,-1,0.607145
85,7,-1,-1,0.596244
85,8,-1,-1,0.594949
85,9,-1,-1,0.592673
85,10,-1,-1,0.594693
85,11,-1,-1,0.594007
85,12,-1,-1,0.609474
85,13,-1,-1,0.589375
85,14,-1,-1,0.596497
85,15,-1,-1,0.602411
85,16,-1,-1,0.604054
85,17,-1,-1,0.591415
85,18,-1,-1,0.594396
85,19,-1,-1,0.590155
86,0,-1,-1,0.629432
86,1,-1,-1,0.607086
86,2,-1,-1,0.6118
86,3,-1,-1,0.619542
86,4,-1,-1,0.609066
86,5,-1,-1,0.602636
86,6,-1,-1,0.605768
86,7,-1,-1,0.605116
86,8,-1,-1,0.606408
86,9,-1,-1,0.614086
86,10,-1,-1,0.609998
86,11,-1,-1,0.603773
86,12,-1,-1,0.639294
86,13,-1,-1,0.615424
86,14,-1,-1,0.608739
86,15,-1,-1,0.617206
86,16,-1,-1,0.605512
86,17,-1,-1,0.611865
86,18,-1,-1,0.613972
86,19,-1,-1,0.602894
87,0,-1,-1,0.616872
87,1,-1,-1,0.627901
87,2,-1,-1,0.619682
87,3,-1,-1,0.616595
87,4,-1,-1,0.626088
87,5,-1,-1,0.620666
87,6,-1,-1,0.617387
87,7,-1,-1,0.618261
87,8,-1,-1,0.633666
87,9,-1,-1,0.615772
87,10,-1,-1,0.620628
87,11,-1,-1,0.618292
87,12,-1,-1,0.617122
87,13,-1,-1,0.618491
87,14,-1,-1,0.691827
87,15,-1,-1,0.630913
87,16,-1,-1,0.624257
87,17,-1,-1,0.618596
87,18,-1,-1,0.617639
87,19,-1,-1,0.629786
88,0,-1,-1,0.71427
88,1,-1,-1,0.630818
88,2,-1,-1,0.630286
88,3,-1,-1,0.629777
88,4,-1,-1,0.631407
88,5,-1,-1,0.629884
88,6,-1,-1,0.634547
88,7,-1,-1,0.631191
88,8,-1,-1,0.718039
88,9,-1,-1,0.629555
88,10,-1,-1,0.637438
88,11,-1,-1,0.642816
88,12,-1,-1,0.640156
88,13,-1,-1,0.640931
88,14,-1,-1,0.721636
88,15,-1,-1,0.631316
88,16,-1,-1,0.63846
88,17,-1,-1,0.630258
88,18,-1,-1,0.715866
88,19,-1,-1,0.631722
89,0,-1,-1,0.64778
89,1,-1,-1,0.642552
89,2,-1,-1,0.656384
89,3,-1,-1,0.647508
89,4,-1,-1,0.650615
89,5,-1,-1,0.646084
89,6,-1,-1,0.657027
89,7,-1,-1,0.644726
89,8,-1,-1,0.66219
89,9,-1,-1,0.644475
89,10,-1,-1,0.734047
89,11,-1,-1,0.646908
89,12,-1,-1,0.647476
89,13,-1,-1,0.644829
89,14,-1,-1,0.65811
89,15,-1,-1,0.642908
89,16,-1,-1,0.653859
89,17,-1,-1,0.643003
89,18,-1,-1,0.644196
89,19,-1,-1,0.654874
90,0,-1,-1,0.750916
90,1,-1,-1,0.661149
90,2,-1,-1,0.665293
90,3,-1,-1,0.666383
90,4,-1,-1,0.665969
90,5,-1,-1,0.672299
90,6,-1,-1,0.661992
90,7,-1,-1,0.669722
90,8,-1,-1,0.663675
90,9,-1,-1,0.663721
90,10,-1,-1,0.665846
90,11,-1,-1,0.667852
90,12,-1,-1,0.751121
90,13,-1,-1,0.66924
90,14,-1,-1,0.662118
90,15,-1,-1,0.660053
90,16,-1,-1,0.657952
90,17,-1,-1,0.657441
90,18,-1,-1,0.658431
90,19,-1,-1,0.658742
91,0,-1,-1,0.671942
91,1,-1,-1,0.670928
91,2,-1,-1,0.747793
91,3,-1,-1,0.672366
91,4,-1,-1,0.679261
91,5,-1,-1,0.67657
91,6,-1,-1,0.688411
91,7,-1,-1,0.682793
91,8,-1,-1,0.679528
91,9,-1,-1,0.680508
91,10,-1,-1,0.680834
91,11,-1,-1,0.682709
91,12,-1,-1,0.676934
91,13,-1,-1,0.671103
91,14,-1,-1,0.675652
91,15,-1,-1,0.670883
91,16,-1,-1,0.679968
91,17,-1,-1,0.67049
91,18,-1,-1,0.683129
91,19,-1,-1,0.670889
92,0,-1,-1,0.703031
92,1,-1,-1,0.686155
92,2,-1,-1,0.703891
92,3,-1,-1,0.696392
92,4,-1,-1,0.761506
92,5,-1,-1,0.68691
92,6,-1,-1,0.695052
92,7,-1,-1,0.687581
92,8,-1,-1,0.690001
92,9,-1,-1,0.688368
92,10,-1,-1,0.703753
92,11,-1,-1,0.685156
92,12,-1,-1,0.692053
92,13,-1,-1,0.699443
92,14,-1,-1,0.688395
92,15,-1,-1,0.685265
92,16,-1,-1,0.702158
92,17,-1,-1,0.68629
92,18,-1,-1,0.693659
92,19,-1,-1,0.688081
93,0,-1,-1,0.705541
93,1,-1,-1,0.703667
93,2,-1,-1,0.719766
93,3,-1,-1,0.701436
93,4,-1,-1,0.709885
93,5,-1,-1,0.70194
93,6,-1,-1,0.709072
93,7,-1,-1,0.713349
93,8,-1,-1,0.712403
93,9,-1,-1,0.69959
93,10,-1,-1,0.735157
93,11,-1,-1,0.712487
93,12,-1,-1,0.705312
93,13,-1,-1,0.704266
93,14,-1,-1,0.703205
93,15,-1,-1,0.703534
93,16,-1,-1,0.708096
93,17,-1,-1,0.703387
93,18,-1,-1,0.704688
93,19,-1,-1,0.703271
94,0,-1,-1,0.722784
94,1,-1,-1,0.714159
94,2,-1,-1,0.720085
94,3,-1,-1,0.713984
94,4,-1,-1,0.74078
94,5,-1,-1,0.718399
94,6,-1,-1,0.727633
94,7,-1,-1,0.716136
94,8,-1,-1,0.728436
94,9,-1,-1,0.726058
94,10,-1,-1,0.725856
94,11,-1,-1,0.716714
94,12,-1,-1,0.71622
94,13,-1,-1,0.717457
94,14,-1,-1,0.807386
94,15,-1,-1,0.71409
94,16,-1,-1,0.717704
94,17,-1,-1,0.727987
94,18,-1,-1,0.726736
94,19,-1,-1,0.7178
95,0,-1,-1,0.741266
95,1,-1,-1,0.729654
95,2,-1,-1,0.733609
95,3,-1,-1,0.731347
95,4,-1,-1,0.803215
95,5,-1,-1,0.73015
95,6,-1,-1,0.825689
95,7,-1,-1,0.730087
95,8,-1,-1,0.73772
95,9,-1,-1,0.731075
95,10,-1,-1,0.74683
95,11,-1,-1,0.729151
95,12,-1,-1,0.744095
95,13,-1,-1,0.732927
95,14,-1,-1,0.745364
95,15,-1,-1,0.729064
95,16,-1,-1,0.737333
95,17,-1,-1,0.731048
95,18,-1,-1,0.733772
95,19,-1,-1,0.740556
96,0,-1,-1,0.747689
96,1,-1,-1,0.746745
96,2,-1,-1,0.744983
96,3,-1,-1,0.756345
96,4,-1,-1,0.745409
96,5,-1,-1,0.743585
96,6,-1,-1,0.745166
96,7,-1,-1,0.745422
96,8,-1,-1,0.747101
96,9,-1,-1,0.744902
96,10,-1,-1,0.752776
96,11,-1,-1,0.755463
96,12,-1,-1,0.746782
96,13,-1,-1,0.746029
96,14,-1,-1,0.760664
96,15,-1,-1,0.750353
96,16,-1,-1,0.748635
96,17,-1,-1,0.744784
96,18,-1,-1,0.840633
96,19,-1,-1,0.745494
97,0,-1,-1,0.776331
97,1,-1,-1,0.762757
97,2,-1,-1,0.768639
97,3,-1,-1,0.760546
97,4,-1,-1,0.764816
97,5,-1,-1,0.767028
97,6,-1,-1,0.76573
97,7,-1,-1,0.761234
97,8,-1,-1,0.848466
97,9,-1,-1,0.759723
97,10,-1,-1,0.846025
97,11,-1,-1,0.758852
97,12,-1,-1,0.773748
97,13,-1,-1,0.758734
97,14,-1,-1,0.762758
97,15,-1,-1,0.762072
97,16,-1,-1,0.776392
97,17,-1,-1,0.763308
97,18,-1,-1,0.773431
97,19,-1,-1,0.767935
98,0,-1,-1,0.774657
98,1,-1,-1,0.774604
98,2,-1,-1,0.776422
98,3,-1,-1,0.777077
98,4,-1,-1,0.77937
98,5,-1,-1,0.774134
98,6,-1,-1,0.783358
98,7,-1,-1,0.778565
98,8,-1,-1,0.786602
98,9,-1,-1,0.776632
98,10,-1,-1,0.861208
98,11,-1,-1,0.775626
98,12,-1,-1,0.864349
98,13,-1,-1,0.776599
98,14,-1,-1,0.792331
98,15,-1,-1,0.773448
98,16,-1,-1,0.77729
98,17,-1,-1,0.773718
98,18,-1,-1,0.775487
98,19,-1,-1,0.786799
99,0,-1,-1,0.799116
99,1,-1,-1,0.788982
99,2,-1,-1,0.798706
99,3,-1,-1,0.791176
99,4,-1,-1,0.795054
99,5,-1,-1,0.790633
99,6,-1,-1,0.796983
99,7,-1,-1,0.789219
99,8,-1,-1,0.89608
99,9,-1,-1,0.798359
99,10,-1,-1,0.796816
99,11,-1,-1,0.792023
99,12,-1,-1,0.803886
99,13,-1,-1,0.79768
99,14,-1,-1,0.802205
99,15,-1,-1,0.791312
99,16,-1,-1,0.793612
99,17,-1,-1,0.790053
99,18,-1,-1,0.79877
99,19,-1,-1,0.788996
100,0,-1,-1,0.812486
100,1,-1,-1,0.817142
100,2,-1,-1,0.80845
100,3,-1,-1,0.806738
100,4,-1,-1,0.821395
100,5,-1,-1,0.814542
100,6,-1,-1,0.81536
100,7,-1,-1,0.812892
100,8,-1,-1,0.811008
100,9,-1,-1,0.806619
100,10,-1,-1,0.815328
100,11,-1,-1,0.806768
100,12,-1,-1,0.810792
100,13,-1,-1,0.809185
100,14,-1,-1,0.892953
100,15,-1,-1,0.814946
100,16,-1,-1,0.81044
100,17,-1,-1,0.81557
100,18,-1,-1,0.816212
100,19,-1,-1,0.807044
101,0,-1,-1,0.91121
101,1,-1,-1,0.821759
101,2,-1,-1,0.825567
101,3,-1,-1,0.822143
101,4,-1,-1,0.829939
101,5,-1,-1,0.820451
101,6,-1,-1,0.843384
101,7,-1,-1,0.822762
101,8,-1,-1,0.825323
101,9,-1,-1,0.828636
101,10,-1,-1,0.907744
101,11,-1,-1,0.824766
101,12,-1,-1,0.825822
101,13,-1,-1,0.820331
101,14,-1,-1,0.828155
101,15,-1,-1,0.832925
101,16,-1,-1,0.83114
101,17,-1,-1,0.828741
101,18,-1,-1,0.828173
101,19,-1,-1,0.819848
102,0,-1,-1,0.84345
102,1,-1,-1,0.844824
102,2,-1,-1,0.843202
102,3,-1,-1,0.835731
102,4,-1,-1,0.847495
102,5,-1,-1,0.846898
102,6,-1,-1,0.842509
102,7,-1,-1,0.84637
102,8,-1,-1,0.85525
102,9,-1,-1,0.836667
102,10,-1,-1,0.843775
102,11,-1,-1,0.845779
102,12,-1,-1,0.842133
102,13,-1,-1,0.836925
102,14,-1,-1,0.845102
102,15,-1,-1,0.845146
102,16,-1,-1,0.924554
102,17,-1,-1,0.838616
102,18,-1,-1,0.846792
102,19,-1,-1,0.837943
103,0,-1,-1,0.863986
103,1,-1,-1,0.854036
103,2,-1,-1,0.939541
103,3,-1,-1,0.853344
103,4,-1,-1,0.938846
103,5,-1,-1,0.853801
103,6,-1,-1,0.86536
103,7,-1,-1,0.864583
103,8,-1,-1,0.867107
103,9,-1,-1,0.853711
103,10,-1,-1,0.860703
103,11,-1,-1,0.861743
103,12,-1,-1,0.857559
103,13,-1,-1,0.853359
103,14,-1,-1,0.858018
103,15,-1,-1,0.861542
103,16,-1,-1,0.856871
103,17,-1,-1,0.856173
103,18,-1,-1,0.8624
103,19,-1,-1,0.854411
104,0,-1,-1,0.871604
104,1,-1,-1,0.8809
104,2,-1,-1,0.873496
104,3,-1,-1,0.873264
104,4,-1,-1,0.935533
104,5,-1,-1,0.87206
104,6,-1,-1,0.878588
104,7,-1,-1,0.86756
104,8,-1,-1,0.875219
104,9,-1,-1,0.869853
104,10,-1,-1,0.952099
104,11,-1,-1,0.873152
104,12,-1,-1,0.882189
104,13,-1,-1,0.867474
104,14,-1,-1,0.881917
104,15,-1,-1,0.868488
104,16,-1,-1,0.875179
104,17,-1,-1,0.879895
104,18,-1,-1,0.938539
104,19,-1,-1,0.870225
105,0,-1,-1,0.897296
105,1,-1,-1,0.883927
105,2,-1,-1,0.89394
105,3,-1,-1,0.884982
105,4,-1,-1,0.900634
105,5,-1,-1,0.886652
105,6,-1,-1,0.950458
105,7,-1,-1,0.886611
105,8,-1,-1,0.890454
105,9,-1,-1,0.888857
105,10,-1,-1,0.889853
105,11,-1,-1,0.885839
105,12,-1,-1,0.902682
105,13,-1,-1,0.888691
105,14,-1,-1,0.970716
105,15,-1,-1,0.883884
105,16,-1,-1,0.887654
105,17,-1,-1,0.886714
105,18,-1,-1,0.969931
105,19,-1,-1,0.891502
106,0,-1,-1,0.923626
106,1,-1,-1,0.90351
106,2,-1,-1,0.913866
106,3,-1,-1,0.900938
106,4,-1,-1,0.906958
106,5,-1,-1,0.905225
106,6,-1,-1,0.91275
106,7,-1,-1,0.899656
106,8,-1,-1,0.914343
106,9,-1,-1,0.904835
106,10,-1,-1,0.909622
106,11,-1,-1,0.902948
106,12,-1,-1,0.967943
106,13,-1,-1,0.900468
106,14,-1,-1,0.986878
106,15,-1,-1,0.902351
106,16,-1,-1,0.91771
106,17,-1,-1,0.901246
106,18,-1,-1,0.905194
106,19,-1,-1,0.910404
107,0,-1,-1,0.921449
107,1,-1,-1,0.918289
107,2,-1,-1,0.919507
107,3,-1,-1,0.920922
107,4,-1,-1,0.916896
107,5,-1,-1,0.923966
107,6,-1,-1,0.925057
107,7,-1,-1,0.918809
107,8,-1,-1,0.919762
107,9,-1,-1,0.921796
107,10,-1,-1,0.91861
107,11,-1,-1,0.925735
107,12,-1,-1,0.921738
107,13,-1,-1,0.92109
107,14,-1,-1,0.92336
107,15,-1,-1,0.925944
107,16,-1,-1,0.916062
107,17,-1,-1,0.923752
107,18,-1,-1,0.929765
107,19,-1,-1,0.915859
108,0,-1,-1,0.93914
108,1,-1,-1,0.950386
108,2,-1,-1,0.945303
108,3,-1,-1,0.934069
108,4,-1,-1,0.936278
108,5,-1,-1,0.936643
108,6,-1,-1,0.954157
108,7,-1,-1,0.948546
108,8,-1,-1,0.93517
108,9,-1,-1,0.935565
108,10,-1,-1,0.937775
108,11,-1,-1,0.938575
108,12,-1,-1,0.952304
108,13,-1,-1,0.942929
108,14,-1,-1,0.939161
108,15,-1,-1,0.934948
108,16,-1,-1,0.958807
108,17,-1,-1,0.943239
108,18,-1,-1,0.937613
108,19,-1,-1,0.937016
109,0,-1,-1,0.954709
109,1,-1,-1,0.969212
109,2,-1,-1,0.959822
109,3,-1,-1,0.957542
109,4,-1,-1,0.953601
109,5,-1,-1,0.960063
109,6,-1,-1,0.957731
109,7,-1,-1,0.95417
109,8,-1,-1,0.956658
109,9,-1,-1,0.958801
109,10,-1,-1,0.954208
109,11,-1,-1,0.962779
109,12,-1,-1,0.96546
109,13,-1,-1,0.957121
109,14,-1,-1,0.951363
109,15,-1,-1,0.965367
109,16,-1,-1,0.966469
109,17,-1,-1,0.957932
109,18,-1,-1,0.963261
109,19,-1,-1,0.9575
110,0,-1,-1,0.974258
110,1,-1,-1,0.971426
110,2,-1,-1,0.979291
110,3,-1,-1,0.980418
110,4,-1,-1,0.972449
110,5,-1,-1,0.975407
110,6,-1,-1,0.972182
110,7,-1,-1,0.973337
110,8,-1,-1,0.972331
110,9,-1,-1,0.970235
110,10,-1,-1,0.973638
110,11,-1,-1,0.970089
110,12,-1,-1,0.979755
110,13,-1,-1,0.981651
110,14,-1,-1,0.973558
110,15,-1,-1,0.976421
110,16,-1,-1,0.980264
110,17,-1,-1,0.975501
110,18,-1,-1,0.975188
110,19,-1,-1,0.987729
111,0,-1,-1,0.985776
111,1,-1,-1,0.992853
111,2,-1,-1,0.993105
111,3,-1,-1,0.996867
111,4,-1,-1,0.999062
111,5,-1,-1,1.00515
111,6,-1,-1,0.998961
111,7,-1,-1,0.998087
111,8,-1,-1,0.996307
111,9,-1,-1,1.00754
111,10,-1,-1,0.997101
111,11,-1,-1,0.9971
111,12,-1,-1,0.988751
111,13,-1,-1,0.995181
111,14,-1,-1,0.985599
111,15,-1,-1,1.00285
111,16,-1,-1,0.99389
111,17,-1,-1,0.988585
111,18,-1,-1,0.98958
111,19,-1,-1,0.990634
112,0,-1,-1,1.01959
112,1,-1,-1,1.01342
112,2,-1,-1,1.02064
112,3,-1,-1,1.01859
112,4,-1,-1,1.01876
112,5,-1,-1,1.00816
112,6,-1,-1,1.00809
112,7,-1,-1,1.01003
112,8,-1,-1,1.0105
112,9,-1,-1,1.01317
112,10,-1,-1,1.01271
112,11,-1,-1,1.01383
112,12,-1,-1,1.00426
112,13,-1,-1,1.00256
112,14,-1,-1,1.01498
112,15,-1,-1,1.00802
112,16,-1,-1,1.00717
112,17,-1,-1,1.00787
112,18,-1,-1,1.00548
112,19,-1,-1,1.01849
113,0,-1,-1,1.03135
113,1,-1,-1,1.03982
113,2,-1,-1,1.03299
113,3,-1,-1,1.02622
113,4,-1,-1,1.02195
113,5,-1,-1,1.02507
113,6,-1,-1,1.0304
113,7,-1,-1,1.0287
113,8,-1,-1,1.02418
113,9,-1,-1,1.02254
113,10,-1,-1,1.09118
113,11,-1,-1,1.03182
113,12,-1,-1,1.02145
113,13,-1,-1,1.02352
113,14,-1,-1,1.03529
113,15,-1,-1,1.03778
113,16,-1,-1,1.02045
113,17,-1,-1,1.03198
113,18,-1,-1,1.02872
113,19,-1,-1,1.01955
114,0,-1,-1,1.04578
114,1,-1,-1,1.04074
114,2,-1,-1,1.0494
114,3,-1,-1,1.04133
114,4,-1,-1,1.04307
114,5,-1,-1,1.04442
114,6,-1,-1,1.03985
114,7,-1,-1,1.04479
114,8,-1,-1,1.05411
114,9,-1,-1,1.0422
114,10,-1,-1,1.05057
114,11,-1,-1,1.04435
114,12,-1,-1,1.0542
114,13,-1,-1,1.03912
114,14,-1,-1,1.04176
114,15,-1,-1,1.04859
114,16,-1,-1,1.04862
114,17,-1,-1,1.04201
114,18,-1,-1,1.03974
114,19,-1,-1,1.11454
115,0,-1,-1,1.06444
115,1,-1,-1,1.06048
115,2,-1,-1,1.05635
115,3,-1,-1,1.0589
115,4,-1,-1,1.05951
115,5,-1,-1,1.13549
115,6,-1,-1,1.07057
115,7,-1,-1,1.07204
115,8,-1,-1,1.06666
115,9,-1,-1,1.11727
115,10,-1,-1,1.13316
115,11,-1,-1,1.05852
115,12,-1,-1,1.06485
115,13,-1,-1,1.07238
115,14,-1,-1,1.06262
115,15,-1,-1,1.05692
115,16,-1,-1,1.06643
115,17,-1,-1,1.05663
115,18,-1,-1,1.05819
115,19,-1,-1,1.06635
116,0,-1,-1,1.08068
116,1,-1,-1,1.0785
116,2,-1,-1,1.08506
116,3,-1,-1,1.08942
116,4,-1,-1,1.08414
116,5,-1,-1,1.07831
116,6,-1,-1,1.07823
116,7,-1,-1,1.15217
116,8,-1,-1,1.08347
116,9,-1,-1,1.07505
116,10,-1,-1,1.13786
116,11,-1,-1,1.08203
116,12,-1,-1,1.08073
116,13,-1,-1,1.07856
116,14,-1,-1,1.08243
116,15,-1,-1,1.07884
116,16,-1,-1,1.07341
116,17,-1,-1,1.0916
116,18,-1,-1,1.08053
116,19,-1,-1,1.07882
117,0,-1,-1,1.10028
117,1,-1,-1,1.10679
117,2,-1,-1,1.16849
117,3,-1,-1,1.09576
117,4,-1,-1,1.09972
117,5,-1,-1,1.10302
117,6,-1,-1,1.15486
117,7,-1,-1,1.17
117,8,-1,-1,1.10157
117,9,-1,-1,1.09593
117,10,-1,-1,1.09351
117,11,-1,-1,1.09117
117,12,-1,-1,1.09089
117,13,-1,-1,1.10309
117,14,-1,-1,1.09931
117,15,-1,-1,1.09499
117,16,-1,-1,1.09915
117,17,-1,-1,1.09606
117,18,-1,-1,1.10422
117,19,-1,-1,1.10174
118,0,-1,-1,1.1737
118,1,-1,-1,1.11727
118,2,-1,-1,1.11985
118,3,-1,-1,1.12609
118,4,-1,-1,1.11456
118,5,-1,-1,1.11091
118,6,-1,-1,1.19018
118,7,-1,-1,1.12552
118,8,-1,-1,1.1888
118,9,-1,-1,1.12055
118,10,-1,-1,1.11645
118,11,-1,-1,1.19226
118,12,-1,-1,1.18745
118,13,-1,-1,1.11598
118,14,-1,-1,1.12256
118,15,-1,-1,1.11291
118,16,-1,-1,1.11488
118,17,-1,-1,1.12185
118,18,-1,-1,1.11603
118,19,-1,-1,1.11509
119,0,-1,-1,1.14128
119,1,-1,-1,1.14489
119,2,-1,-1,1.1328
119,3,-1,-1,1.14163
119,4,-1,-1,1.1864
119,5,-1,-1,1.13372
119,6,-1,-1,1.13589
119,7,-1,-1,1.13142
119,8,-1,-1,1.1416
119,9,-1,-1,1.13746
119,10,-1,-1,1.14668
119,11,-1,-1,1.13454
119,12,-1,-1,1.13173
119,13,-1,-1,1.20631
119,14,-1,-1,1.133
119,15,-1,-1,1.13473
119,16,-1,-1,1.20521
119,17,-1,-1,1.14206
119,18,-1,-1,1.13835
119,19,-1,-1,1.1357
120,0,-1,-1,1.20857
120,1,-1,-1,1.1541
120,2,-1,-1,1.14568
120,3,-1,-1,1.15964
120,4,-1,-1,1.15676
120,5,-1,-1,1.15174
120,6,-1,-1,1.22504
120,7,-1,-1,1.14779
120,8,-1,-1,1.16436
120,9,-1,-1,1.15401
120,10,-1,-1,1.14784
120,11,-1,-1,1.16299
120,12,-1,-1,1.2254
120,13,-1,-1,1.22303
120,14,-1,-1,1.15389
120,15,-1,-1,1.22309
120,16,-1,-1,1.15406
120,17,-1,-1,1.15691
120,18,-1,-1,1.15303
120,19,-1,-1,1.2256
121,0,-1,-1,1.22503
121,1,-1,-1,1.24142
121,2,-1,-1,1.24002
121,3,-1,-1,1.17684
121,4,-1,-1,1.17277
121,5,-1,-1,1.17038
121,6,-1,-1,1.16441
121,7,-1,-1,1.16987
121,8,-1,-1,1.16428
121,9,-1,-1,1.18115
121,10,-1,-1,1.173
121,11,-1,-1,1.17141
121,12,-1,-1,1.1652
121,13,-1,-1,1.17705
121,14,-1,-1,1.17852
121,15,-1,-1,1.18116
121,16,-1,-1,1.18115
121,17,-1,-1,1.17361
121,18,-1,-1,1.16845
121,19,-1,-1,1.17078
122,0,-1,-1,1.27125
122,1,-1,-1,1.20236
122,2,-1,-1,1.20392
122,3,-1,-1,1.19784
122,4,-1,-1,1.21114
122,5,-1,-1,1.1978
122,6,-1,-1,1.19736
122,7,-1,-1,1.25299
122,8,-1,-1,1.2101
122,9,-1,-1,1.21139
122,10,-1,-1,1.25227
122,11,-1,-1,1.19663
122,12,-1,-1,1.19592
122,13,-1,-1,1.199
122,14,-1,-1,1.20144
122,15,-1,-1,1.20188
122,16,-1,-1,1.20647
122,17,-1,-1,1.21409
122,18,-1,-1,1.20142
122,19,-1,-1,1.20342
123,0,-1,-1,1.22767
123,1,-1,-1,1.22448
123,2,-1,-1,1.21796
123,3,-1,-1,1.21833
123,4,-1,-1,1.28923
123,5,-1,-1,1.30317
123,6,-1,-1,1.22204
123,7,-1,-1,1.22113
123,8,-1,-1,1.22248
123,9,-1,-1,1.22551
123,10,-1,-1,1.21645
123,11,-1,-1,1.27286
123,12,-1,-1,1.21857
123,13,-1,-1,1.23114
123,14,-1,-1,1.22185
123,15,-1,-1,1.21137
123,16,-1,-1,1.22454
123,17,-1,-1,1.22903
123,18,-1,-1,1.22293
123,19,-1,-1,1.21419
124,0,-1,-1,1.30531
124,1,-1,-1,1.2331
124,2,-1,-1,1.2356
124,3,-1,-1,1.238
124,4,-1,-1,1.23872
124,5,-1,-1,1.24601
124,6,-1,-1,1.30811
124,7,-1,-1,1.24503
124,8,-1,-1,1.23624
124,9,-1,-1,1.24619
124,10,-1,-1,1.23804
124,11,-1,-1,1.23919
124,12,-1,-1,1.31066
124,13,-1,-1,1.23657
124,14,-1,-1,1.23669
124,15,-1,-1,1.3045
124,16,-1,-1,1.23276
124,17,-1,-1,1.23588
124,18,-1,-1,1.23236
124,19,-1,-1,1.24252
125,0,-1,-1,1.26835
125,1,-1,-1,1.35021
125,2,-1,-1,1.27932
125,3,-1,-1,1.25765
125,4,-1,-1,1.25981
125,5,-1,-1,1.26267
125,6,-1,-1,1.26291
125,7,-1,-1,1.25807
125,8,-1,-1,1.27296
125,9,-1,-1,1.25731
125,10,-1,-1,1.26025
125,11,-1,-1,1.32931
125,12,-1,-1,1.2569
125,13,-1,-1,1.25599
125,14,-1,-1,1.28893
125,15,-1,-1,1.34623
125,16,-1,-1,1.26031
125,17,-1,-1,1.26146
125,18,-1,-1,1.25087
125,19,-1,-1,1.32741
126,0,-1,-1,1.28508
126,1,-1,-1,1.26553
126,2,-1,-1,1.26946
126,3,-1,-1,1.27186
126,4,-1,-1,1.26305
126,5,-1,-1,1.28342
126,6,-1,-1,1.33734
126,7,-1,-1,1.26848
126,8,-1,-1,1.28438
126,9,-1,-1,1.33873
126,10,-1,-1,1.26351
126,11,-1,-1,1.26907
126,12,-1,-1,1.26731
126,13,-1,-1,1.27151
126,14,-1,-1,1.26566
126,15,-1,-1,1.2667
126,16,-1,-1,1.26426
126,17,-1,-1,1.26309
126,18,-1,-1,1.26258
126,19,-1,-1,1.3353
127,0,-1,-1,1.28841
127,1,-1,-1,1.28425
127,2,-1,-1,1.36079
127,3,-1,-1,1.28873
127,4,-1,-1,1.28441
127,5,-1,-1,1.28406
127,6,-1,-1,1.35477
127,7,-1,-1,1.29374
127,8,-1,-1,1.28543
127,9,-1,-1,1.35251
127,10,-1,-1,1.28468
127,11,-1,-1,1.28831
127,12,-1,-1,1.28762
127,13,-1,-1,1.29563
127,14,-1,-1,1.28926
127,15,-1,-1,1.28357
127,16,-1,-1,1.3579
127,17,-1,-1,1.28399
127,18,-1,-1,1.28838
127,19,-1,-1,1.28921
128,0,-1,-1,1.37029
128,1,-1,-1,1.30954
128,2,-1,-1,1.30676
128,3,-1,-1,1.37131
128,4,-1,-1,1.31032
128,5,-1,-1,1.31596
128,6,-1,-1,1.30944
128,7,-1,-1,1.31156
128,8,-1,-1,1.30651
128,9,-1,-1,1.30999
128,10,-1,-1,1.30801
128,11,-1,-1,1.30514
128,12,-1,-1,1.32676
128,13,-1,-1,1.31732
128,14,-1,-1,1.31346
128,15,-1,-1,1.30619
128,16,-1,-1,1.30138
128,17,-1,-1,1.29869
128,18,-1,-1,1.31313
128,19,-1,-1,1.37157
129,0,-1,-1,1.32808
129,1,-1,-1,1.32664
129,2,-1,-1,1.33125
129,3,-1,-1,1.40229
129,4,-1,-1,1.33828
129,5,-1,-1,1.39748
129,6,-1,-1,1.33826
129,7,-1,-1,1.38839
129,8,-1,-1,1.32777
129,9,-1,-1,1.33198
129,10,-1,-1,1.32309
129,11,-1,-1,1.32133
129,12,-1,-1,1.33689
129,13,-1,-1,1.32199
129,14,-1,-1,1.33042
129,15,-1,-1,1.32375
129,16,-1,-1,1.3245
129,17,-1,-1,1.39499
129,18,-1,-1,1.32633
129,19,-1,-1,1.32456
130,0,-1,-1,1.34028
130,1,-1,-1,1.34983
130,2,-1,-1,1.51685
130,3,-1,-1,1.41642
130,4,-1,-1,1.34331
130,5,-1,-1,1.35392
130,6,-1,-1,1.36033
130,7,-1,-1,1.34833
130,8,-1,-1,1.33944
130,9,-1,-1,1.34145
130,10,-1,-1,1.39151
130,11,-1,-1,1.35695
130,12,-1,-1,1.35187
130,13,-1,-1,1.35147
130,14,-1,-1,1.34821
130,15,-1,-1,1.41367
130,16,-1,-1,1.35495
130,17,-1,-1,1.35616
130,18,-1,-1,1.34328
130,19,-1,-1,1.4107
131,0,-1,-1,1.37251
131,1,-1,-1,1.43216
131,2,-1,-1,1.38096
131,3,-1,-1,1.36293
131,4,-1,-1,1.42931
131,5,-1,-1,1.36404
131,6,-1,-1,1.36093
131,7,-1,-1,1.36589
131,8,-1,-1,1.39109
131,9,-1,-1,1.4127
131,10,-1,-1,1.36854
131,11,-1,-1,1.37236
131,12,-1,-1,1.37013
131,13,-1,-1,1.36598
131,14,-1,-1,1.35732
131,15,-1,-1,1.37199
131,16,-1,-1,1.36378
131,17,-1,-1,1.43242
131,18,-1,-1,1.35937
131,19,-1,-1,1.37208
132,0,-1,-1,1.38312
132,1,-1,-1,1.38658
132,2,-1,-1,1.38639
132,3,-1,-1,1.3846
132,4,-1,-1,1.38867
132,5,-1,-1,1.38619
132,6,-1,-1,1.38893
132,7,-1,-1,1.38467
132,8,-1,-1,1.39277
132,9,-1,-1,1.38743
132,10,-1,-1,1.3919
132,11,-1,-1,1.38196
132,12,-1,-1,1.38496
132,13,-1,-1,1.39151
132,14,-1,-1,1.38227
132,15,-1,-1,1.38078
132,16,-1,-1,1.39409
132,17,-1,-1,1.38402
132,18,-1,-1,1.38357
132,19,-1,-1,1.38601
133,0,-1,-1,1.40856
133,1,-1,-1,1.46795
133,2,-1,-1,1.41981
133,3,-1,-1,1.41281
133,4,-1,-1,1.41255
133,5,-1,-1,1.41064
133,6,-1,-1,1.45875
133,7,-1,-1,1.40587
133,8,-1,-1,1.41238
133,9,-1,-1,1.40497
133,10,-1,-1,1.40315
133,11,-1,-1,1.40533
133,12,-1,-1,1.40226
133,13,-1,-1,1.40141
133,14,-1,-1,1.40489
133,15,-1,-1,1.47064
133,16,-1,-1,1.47021
133,17,-1,-1,1.40399
133,18,-1,-1,1.40439
133,19,-1,-1,1.40503
134,0,-1,-1,1.42301
134,1,-1,-1,1.43179
134,2,-1,-1,1.47595
134,3,-1,-1,1.47668
134,4,-1,-1,1.4763
134,5,-1,-1,1.49125
134,6,-1,-1,1.42429
134,7,-1,-1,1.43183
134,8,-1,-1,1.42557
134,9,-1,-1,1.49269
134,10,-1,-1,1.49038
134,11,-1,-1,1.43561
134,12,-1,-1,1.49142
134,13,-1,-1,1.42667
134,14,-1,-1,1.42901
134,15,-1,-1,1.431
134,16,-1,-1,1.43076
134,17,-1,-1,1.42245
134,18,-1,-1,1.4364
134,19,-1,-1,1.42992
135,0,-1,-1,1.45058
135,1,-1,-1,1.4554
135,2,-1,-1,1.44766
135,3,-1,-1,1.44013
135,4,-1,-1,1.44753
135,5,-1,-1,1.44866
135,6,-1,-1,1.44584
135,7,-1,-1,1.44195
135,8,-1,-1,1.50966
135,9,-1,-1,1.44967
135,10,-1,-1,1.44687
135,11,-1,-1,1.4484
135,12,-1,-1,1.44595
135,13,-1,-1,1.45107
135,14,-1,-1,1.44406
135,15,-1,-1,1.44974
135,16,-1,-1,1.45044
135,17,-1,-1,1.44683
135,18,-1,-1,1.44812
135,19,-1,-1,1.45528
136,0,-1,-1,1.46959
136,1,-1,-1,1.4725
136,2,-1,-1,1.47249
136,3,-1,-1,1.4673
136,4,-1,-1,1.47515
136,5,-1,-1,1.4631
136,6,-1,-1,1.46377
136,7,-1,-1,1.53393
136,8,-1,-1,1.46192
136,9,-1,-1,1.46228
136,10,-1,-1,1.46273
136,11,-1,-1,1.46227
136,12,-1,-1,1.47
136,13,-1,-1,1.46461
136,14,-1,-1,1.47545
136,15,-1,-1,1.46449
136,16,-1,-1,1.53418
136,17,-1,-1,1.46321
136,18,-1,-1,1.46959
136,19,-1,-1,1.46383
137,0,-1,-1,1.49186
137,1,-1,-1,1.49107
137,2,-1,-1,1.55311
137,3,-1,-1,1.49922
137,4,-1,-1,1.4961
137,5,-1,-1,1.48777
137,6,-1,-1,1.55173
137,7,-1,-1,1.49442
137,8,-1,-1,1.49273
137,9,-1,-1,1.48878
137,10,-1,-1,1.48834
137,11,-1,-1,1.4864
137,12,-1,-1,1.48709
137,13,-1,-1,1.4849
137,14,-1,-1,1.48878
137,15,-1,-1,1.48397
137,16,-1,-1,1.49371
137,17,-1,-1,1.48437
137,18,-1,-1,1.55267
137,19,-1,-1,1.56139
138,0,-1,-1,1.51561
138,1,-1,-1,1.50469
138,2,-1,-1,1.51014
138,3,-1,-1,1.57418
138,4,-1,-1,1.51091
138,5,-1,-1,1.51187
138,6,-1,-1,1.52017
138,7,-1,-1,1.57083
138,8,-1,-1,1.508
138,9,-1,-1,1.57528
138,10,-1,-1,1.51206
138,11,-1,-1,1.50661
138,12,-1,-1,1.50502
138,13,-1,-1,1.56177
138,14,-1,-1,1.51361
138,15,-1,-1,1.50541
138,16,-1,-1,1.50764
138,17,-1,-1,1.58147
138,18,-1,-1,1.57301
138,19,-1,-1,1.50385
139,0,-1,-1,1.53198
139,1,-1,-1,1.59493
139,2,-1,-1,1.52633
139,3,-1,-1,1.53281
139,4,-1,-1,1.59564
139,5,-1,-1,1.52997
139,6,-1,-1,1.52432
139,7,-1,-1,1.59187
139,8,-1,-1,1.53263
139,9,-1,-1,1.53199
139,10,-1,-1,1.59372
139,11,-1,-1,1.53236
139,12,-1,-1,1.52804
139,13,-1,-1,1.53542
139,14,-1,-1,1.53179
139,15,-1,-1,1.52517
139,16,-1,-1,1.52841
139,17,-1,-1,1.57834
139,18,-1,-1,1.53565
139,19,-1,-1,1.52922
140,0,-1,-1,1.55011
140,1,-1,-1,1.6149
140,2,-1,-1,1.61846
140,3,-1,-1,1.61587
140,4,-1,-1,1.55092
140,5,-1,-1,1.55194
140,6,-1,-1,1.55306
140,7,-1,-1,1.55488
140,8,-1,-1,1.55211
140,9,-1,-1,1.55397
140,10,-1,-1,1.61005
140,11,-1,-1,1.55126
140,12,-1,-1,1.55785
140,13,-1,-1,1.61554
140,14,-1,-1,1.54869
140,15,-1,-1,1.54712
140,16,-1,-1,1.55582
140,17,-1,-1,1.55477
140,18,-1,-1,1.55337
140,19,-1,-1,1.55075
141,0,-1,-1,1.5677
141,1,-1,-1,1.56901
141,2,-1,-1,1.57161
141,3,-1,-1,1.57448
141,4,-1,-1,1.57953
141,5,-1,-1,1.56824
141,6,-1,-1,1.57282
141,7,-1,-1,1.5718
141,8,-1,-1,1.57342
141,9,-1,-1,1.57752
141,10,-1,-1,1.57347
141,11,-1,-1,1.57171
141,12,-1,-1,1.56959
141,13,-1,-1,1.63958
141,14,-1,-1,1.57339
141,15,-1,-1,1.62172
141,16,-1,-1,1.57809
141,17,-1,-1,1.63528
141,18,-1,-1,1.57418
141,19,-1,-1,1.57723
142,0,-1,-1,1.59325
142,1,-1,-1,1.59414
142,2,-1,-1,1.6481
142,3,-1,-1,1.59215
142,4,-1,-1,1.59671
142,5,-1,-1,1.59141
142,6,-1,-1,1.59567
142,7,-1,-1,1.59324
142,8,-1,-1,1.64902
142,9,-1,-1,1.66708
142,10,-1,-1,1.597
142,11,-1,-1,1.59412
142,12,-1,-1,1.64549
142,13,-1,-1,1.59681
142,14,-1,-1,1.59633
142,15,-1,-1,1.64637
142,16,-1,-1,1.5973
142,17,-1,-1,1.59753
142,18,-1,-1,1.59729
142,19,-1,-1,1.59632
143,0,-1,-1,1.61939
143,1,-1,-1,1.66685
143,2,-1,-1,1.62337
143,3,-1,-1,1.68395
143,4,-1,-1,1.61282
143,5,-1,-1,1.62501
143,6,-1,-1,1.61094
143,7,-1,-1,1.62319
143,8,-1,-1,1.68096
143,9,-1,-1,1.62226
143,10,-1,-1,1.61891
143,11,-1,-1,1.61405
143,12,-1,-1,1.6243
143,13,-1,-1,1.62074
143,14,-1,-1,1.61625
143,15,-1,-1,1.6164
143,16,-1,-1,1.61666
143,17,-1,-1,1.61658
143,18,-1,-1,1.61617
143,19,-1,-1,1.61742
144,0,-1,-1,1.64001
144,1,-1,-1,1.63522
144,2,-1,-1,1.70052
144,3,-1,-1,1.64051
144,4,-1,-1,1.7064
144,5,-1,-1,1.64524
144,6,-1,-1,1.64275
144,7,-1,-1,1.64353
144,8,-1,-1,1.64662
144,9,-1,-1,1.70503
144,10,-1,-1,1.64072
144,11,-1,-1,1.64263
144,12,-1,-1,1.70569
144,13,-1,-1,1.63793
144,14,-1,-1,1.6471
144,15,-1,-1,1.64159
144,16,-1,-1,1.64292
144,17,-1,-1,1.64224
144,18,-1,-1,1.64142
144,19,-1,-1,1.63746
145,0,-1,-1,1.67244
145,1,-1,-1,1.66442
145,2,-1,-1,1.65986
145,3,-1,-1,1.65878
145,4,-1,-1,1.72474
145,5,-1,-1,1.66704
145,6,-1,-1,1.65743
145,7,-1,-1,1.66604
145,8,-1,-1,1.65844
145,9,-1,-1,1.66675
145,10,-1,-1,1.66542
145,11,-1,-1,1.66207
145,12,-1,-1,1.72335
145,13,-1,-1,1.65864
145,14,-1,-1,1.66486
145,15,-1,-1,1.66373
145,16,-1,-1,1.66011
145,17,-1,-1,1.65672
145,18,-1,-1,1.66002
145,19,-1,-1,1.65591
146,0,-1,-1,1.68545
146,1,-1,-1,1.74708
146,2,-1,-1,1.68463
146,3,-1,-1,1.68557
146,4,-1,-1,1.6827
146,5,-1,-1,1.68301
146,6,-1,-1,1.68212
146,7,-1,-1,1.6843
146,8,-1,-1,1.75103
146,9,-1,-1,1.68233
146,10,-1,-1,1.68478
146,11,-1,-1,1.74457
146,12,-1,-1,1.68153
146,13,-1,-1,1.68042
146,14,-1,-1,1.75098
146,15,-1,-1,1.68829
146,16,-1,-1,1.68455
146,17,-1,-1,1.68878
146,18,-1,-1,1.68639
146,19,-1,-1,1.6876
147,0,-1,-1,1.70728
147,1,-1,-1,1.71187
147,2,-1,-1,1.71089
147,3,-1,-1,1.76701
147,4,-1,-1,1.70251
147,5,-1,-1,1.7026
147,6,-1,-1,1.70572
147,7,-1,-1,1.70438
147,8,-1,-1,1.70806
147,9,-1,-1,1.70649
147,10,-1,-1,1.77134
147,11,-1,-1,1.70596
147,12,-1,-1,1.70349
147,13,-1,-1,1.70853
147,14,-1,-1,1.70808
147,15,-1,-1,1.70172
147,16,-1,-1,1.70593
147,17,-1,-1,1.70671
147,18,-1,-1,1.76945
147,19,-1,-1,1.7037
148,0,-1,-1,1.73234
148,1,-1,-1,1.73503
148,2,-1,-1,1.72816
148,3,-1,-1,1.7325
148,4,-1,-1,1.78829
148,5,-1,-1,1.72602
148,6,-1,-1,1.73086
148,7,-1,-1,1.73122
148,8,-1,-1,1.73839
148,9,-1,-1,1.72532
148,10,-1,-1,1.7257
148,11,-1,-1,1.78888
148,12,-1,-1,1.7316
148,13,-1,-1,1.73576
148,14,-1,-1,1.72466
148,15,-1,-1,1.79077
148,16,-1,-1,1.72423
148,17,-1,-1,1.79019
148,18,-1,-1,1.72972
148,19,-1,-1,1.72405
149,0,-1,-1,1.81042
149,1,-1,-1,1.80143
149,2,-1,-1,1.81562
149,3,-1,-1,1.75518
149,4,-1,-1,1.75452
149,5,-1,-1,1.74868
149,6,-1,-1,1.75015
149,7,-1,-1,1.75152
149,8,-1,-1,1.80114
149,9,-1,-1,1.7569
149,10,-1,-1,1.75002
149,11,-1,-1,1.75625
149,12,-1,-1,1.81562
149,13,-1,-1,1.75329
149,14,-1,-1,1.81394
149,15,-1,-1,1.75527
149,16,-1,-1,1.81351
149,17,-1,-1,1.75494
149,18,-1,-1,1.75261
149,19,-1,-1,1.75259
150,0,-1,-1,1.77632
150,1,-1,-1,1.77795
150,2,-1,-1,1.78194
150,3,-1,-1,1.77473
150,4,-1,-1,1.83628
150,5,-1,-1,1.78023
150,6,-1,-1,1.76996
150,7,-1,-1,1.84209
150,8,-1,-1,1.83759
150,9,-1,-1,1.77784
150,10,-1,-1,1.77473
150,11,-1,-1,1.77002
150,12,-1,-1,1.77604
150,13,-1,-1,1.78536
150,14,-1,-1,1.77373
150,15,-1,-1,1.83327
150,16,-1,-1,1.77997
150,17,-1,-1,1.78505
150,18,-1,-1,1.83665
150,19,-1,-1,1.77765
151,0,-1,-1,1.84396
151,1,-1,-1,1.85759
151,2,-1,-1,1.79953
151,3,-1,-1,1.79584
151,4,-1,-1,1.79744
151,5,-1,-1,1.79918
151,6,-1,-1,1.80395
151,7,-1,-1,1.79919
151,8,-1,-1,1.8005
151,9,-1,-1,1.79537
151,10,-1,-1,1.80625
151,11,-1,-1,1.79675
151,12,-1,-1,1.7986
151,13,-1,-1,1.79461
151,14,-1,-1,1.80021
151,15,-1,-1,1.79699
151,16,-1,-1,1.79811
151,17,-1,-1,1.85931
151,18,-1,-1,1.7933
151,19,-1,-1,1.85906
152,0,-1,-1,1.82555
152,1,-1,-1,1.81407
152,2,-1,-1,1.82605
152,3,-1,-1,1.86626
152,4,-1,-1,1.82369
152,5,-1,-1,1.82691
152,6,-1,-1,1.82372
152,7,-1,-1,1.82206
152,8,-1,-1,1.82247
152,9,-1,-1,1.82779
152,10,-1,-1,1.82087
152,11,-1,-1,1.82319
152,12,-1,-1,1.8198
152,13,-1,-1,1.82371
152,14,-1,-1,1.82516
152,15,-1,-1,1.82421
152,16,-1,-1,1.81829
152,17,-1,-1,1.81918
152,18,-1,-1,1.8243
152,19,-1,-1,1.81864
153,0,-1,-1,1.90358
153,1,-1,-1,1.85557
153,2,-1,-1,1.90758
153,3,-1,-1,1.84752
153,4,-1,-1,1.89094
153,5,-1,-1,1.83945
153,6,-1,-1,1.90585
153,7,-1,-1,1.84704
153,8,-1,-1,1.84603
153,9,-1,-1,1.84457
153,10,-1,-1,1.84309
153,11,-1,-1,1.90286
153,12,-1,-1,1.84383
153,13,-1,-1,1.90661
153,14,-1,-1,1.84762
153,15,-1,-1,1.90969
153,16,-1,-1,1.8465
153,17,-1,-1,1.84339
153,18,-1,-1,1.84476
153,19,-1,-1,1.84475
154,0,-1,-1,1.87021
154,1,-1,-1,1.86708
154,2,-1,-1,1.86565
154,3,-1,-1,1.87372
154,4,-1,-1,1.86853
154,5,-1,-1,1.87632
154,6,-1,-1,1.86874
154,7,-1,-1,1.86842
154,8,-1,-1,1.87203
154,9,-1,-1,1.86966
154,10,-1,-1,1.87107
154,11,-1,-1,1.86575
154,12,-1,-1,1.87245
154,13,-1,-1,1.87244
154,14,-1,-1,1.92911
154,15,-1,-1,1.87432
154,16,-1,-1,1.88003
154,17,-1,-1,1.86696
154,18,-1,-1,1.87687
154,19,-1,-1,1.87619
155,0,-1,-1,1.88925
155,1,-1,-1,1.95444
155,2,-1,-1,1.89418
155,3,-1,-1,1.95252
155,4,-1,-1,1.95295
155,5,-1,-1,1.95716
155,6,-1,-1,1.90315
155,7,-1,-1,1.8963
155,8,-1,-1,1.89439
155,9,-1,-1,1.89692
155,10,-1,-1,1.95144
155,11,-1,-1,1.94939
155,12,-1,-1,1.88868
155,13,-1,-1,1.91
155,14,-1,-1,1.89554
155,15,-1,-1,1.89433
155,16,-1,-1,1.90091
155,17,-1,-1,1.89278
155,18,-1,-1,1.89394
155,19,-1,-1,1.88794
156,0,-1,-1,1.91568
156,1,-1,-1,1.93316
156,2,-1,-1,1.91663
156,3,-1,-1,1.93643
156,4,-1,-1,1.91365
156,5,-1,-1,1.92122
156,6,-1,-1,1.93238
156,7,-1,-1,1.93034
156,8,-1,-1,1.93358
156,9,-1,-1,1.97695
156,10,-1,-1,1.97362
156,11,-1,-1,1.92155
156,12,-1,-1,1.986
156,13,-1,-1,1.91889
156,14,-1,-1,1.91689
156,15,-1,-1,1.9132
156,16,-1,-1,1.97558
156,17,-1,-1,1.90969
156,18,-1,-1,1.91804
156,19,-1,-1,1.92136
157,0,-1,-1,2.00357
157,1,-1,-1,1.94028
157,2,-1,-1,1.94467
157,3,-1,-1,1.94722
157,4,-1,-1,1.94168
157,5,-1,-1,1.93755
157,6,-1,-1,1.94401
157,7,-1,-1,1.95225
157,8,-1,-1,1.9457
157,9,-1,-1,1.94246
157,10,-1,-1,2.0074
157,11,-1,-1,1.93758
157,12,-1,-1,1.94188
157,13,-1,-1,1.9443
157,14,-1,-1,1.93977
157,15,-1,-1,1.94886
157,16,-1,-1,1.9406
157,17,-1,-1,1.94243
157,18,-1,-1,1.94072
157,19,-1,-1,1.94388
158,0,-1,-1,1.96326
158,1,-1,-1,1.96782
158,2,-1,-1,1.96099
158,3,-1,-1,1.98285
158,4,-1,-1,2.02088
158,5,-1,-1,1.97101
158,6,-1,-1,1.96579
158,7,-1,-1,1.96752
158,8,-1,-1,1.96806
158,9,-1,-1,2.02376
158,10,-1,-1,1.96137
158,11,-1,-1,1.96286
158,12,-1,-1,1.96228
158,13,-1,-1,2.01529
158,14,-1,-1,2.01199
158,15,-1,-1,2.02535
158,16,-1,-1,2.02877
158,17,-1,-1,1.96729
158,18,-1,-1,1.96823
158,19,-1,-1,1.9604
159,0,-1,-1,1.98818
159,1,-1,-1,2.04966
159,2,-1,-1,1.98923
159,3,-1,-1,1.98844
159,4,-1,-1,2.05245
159,5,-1,-1,2.05014
159,6,-1,-1,1.99157
159,7,-1,-1,1.98696
159,8,-1,-1,1.99386
159,9,-1,-1,1.99087
159,10,-1,-1,1.99078
159,11,-1,-1,1.98702
159,12,-1,-1,1.98781
159,13,-1,-1,1.98722
159,14,-1,-1,1.9922
159,15,-1,-1,1.98161
159,16,-1,-1,1.98516
159,17,-1,-1,1.98858
159,18,-1,-1,2.05241
159,19,-1,-1,1.98953
160,0,-1,-1,2.01191
160,1,-1,-1,2.07252
160,2,-1,-1,2.01417
160,3,-1,-1,2.01984
160,4,-1,-1,2.01851
160,5,-1,-1,2.07518
160,6,-1,-1,2.01642
160,7,-1,-1,2.0116
160,8,-1,-1,2.01957
160,9,-1,-1,2.01977
160,10,-1,-1,2.06058
160,11,-1,-1,2.01508
160,12,-1,-1,2.01787
160,13,-1,-1,2.01445
160,14,-1,-1,2.01814
160,15,-1,-1,2.01453
160,16,-1,-1,2.01468
160,17,-1,-1,2.02124
160,18,-1,-1,2.01618
160,19,-1,-1,2.01387
161,0,-1,-1,2.03345
161,1,-1,-1,2.03407
161,2,-1,-1,2.03807
161,3,-1,-1,2.03346
161,4,-1,-1,2.0348
161,5,-1,-1,2.0439
161,6,-1,-1,2.04165
161,7,-1,-1,2.04389
161,8,-1,-1,2.03685
161,9,-1,-1,2.03986
161,10,-1,-1,2.03914
161,11,-1,-1,2.03383
161,12,-1,-1,2.04207
161,13,-1,-1,2.09716
161,14,-1,-1,2.03659
161,15,-1,-1,2.11157
161,16,-1,-1,2.04472
161,17,-1,-1,2.03614
161,18,-1,-1,2.04159
161,19,-1,-1,2.03934
162,0,-1,-1,2.05993
162,1,-1,-1,2.05902
162,2,-1,-1,2.06286
162,3,-1,-1,2.06248
162,4,-1,-1,2.06206
162,5,-1,-1,2.05612
162,6,-1,-1,2.061
162,7,-1,-1,2.10892
162,8,-1,-1,2.06284
162,9,-1,-1,2.07187
162,10,-1,-1,2.05738
162,11,-1,-1,2.12113
162,12,-1,-1,2.11844
162,13,-1,-1,2.05772
162,14,-1,-1,2.11781
162,15,-1,-1,2.06207
162,16,-1,-1,2.05671
162,17,-1,-1,2.05913
162,18,-1,-1,2.10759
162,19,-1,-1,2.06677
163,0,-1,-1,2.09043
163,1,-1,-1,2.14006
163,2,-1,-1,2.07957
163,3,-1,-1,2.08043
163,4,-1,-1,2.08559
163,5,-1,-1,2.08906
163,6,-1,-1,2.08977
163,7,-1,-1,2.08673
163,8,-1,-1,2.08632
163,9,-1,-1,2.08178
163,10,-1,-1,2.09235
163,11,-1,-1,2.08342
163,12,-1,-1,2.08294
163,13,-1,-1,2.08963
163,14,-1,-1,2.0865
163,15,-1,-1,2.08559
163,16,-1,-1,2.09518
163,17,-1,-1,2.08655
163,18,-1,-1,2.08351
163,19,-1,-1,2.0828
164,0,-1,-1,2.16965
164,1,-1,-1,2.11106
164,2,-1,-1,2.11207
164,3,-1,-1,2.16798
164,4,-1,-1,2.11116
164,5,-1,-1,2.11311
164,6,-1,-1,2.11831
164,7,-1,-1,2.10378
164,8,-1,-1,2.11925
164,9,-1,-1,2.1093
164,10,-1,-1,2.11648
164,11,-1,-1,2.11503
164,12,-1,-1,2.11906
164,13,-1,-1,2.10707
164,14,-1,-1,2.11532
164,15,-1,-1,2.16982
164,16,-1,-1,2.11565
164,17,-1,-1,2.17392
164,18,-1,-1,2.11649
164,19,-1,-1,2.11153
165,0,-1,-1,2.1365
165,1,-1,-1,2.13566
165,2,-1,-1,2.13773
165,3,-1,-1,2.13737
165,4,-1,-1,2.14288
165,5,-1,-1,2.19405
165,6,-1,-1,2.13221
165,7,-1,-1,2.13915
165,8,-1,-1,2.13982
165,9,-1,-1,2.13393
165,10,-1,-1,2.1948
165,11,-1,-1,2.18198
165,12,-1,-1,2.18142
165,13,-1,-1,2.19712
165,14,-1,-1,2.14094
165,15,-1,-1,2.14354
165,16,-1,-1,2.19597
165,17,-1,-1,2.19523
165,18,-1,-1,2.19543
165,19,-1,-1,2.19119
166,0,-1,-1,2.16071
166,1,-1,-1,2.16271
166,2,-1,-1,2.15903
166,3,-1,-1,2.20813
166,4,-1,-1,2.16107
166,5,-1,-1,2.16061
166,6,-1,-1,2.15767
166,7,-1,-1,2.16274
166,8,-1,-1,2.16081
166,9,-1,-1,2.2249
166,10,-1,-1,2.15749
166,11,-1,-1,2.16339
166,12,-1,-1,2.16611
166,13,-1,-1,2.16378
166,14,-1,-1,2.16198
166,15,-1,-1,2.16697
166,16,-1,-1,2.16377
166,17,-1,-1,2.15827
166,18,-1,-1,2.16675
166,19,-1,-1,2.16112
167,0,-1,-1,2.18553
167,1,-1,-1,2.18801
167,2,-1,-1,2.19031
167,3,-1,-1,2.18734
167,4,-1,-1,2.19038
167,5,-1,-1,2.18493
167,6,-1,-1,2.188
167,7,-1,-1,2.18666
167,8,-1,-1,2.19129
167,9,-1,-1,2.18872
167,10,-1,-1,2.1875
167,11,-1,-1,2.18804
167,12,-1,-1,2.2343
167,13,-1,-1,2.18622
167,14,-1,-1,2.25118
167,15,-1,-1,2.23524
167,16,-1,-1,2.1875
167,17,-1,-1,2.1842
167,18,-1,-1,2.1881
167,19,-1,-1,2.24487
168,0,-1,-1,2.27348
168,1,-1,-1,2.25882
168,2,-1,-1,2.21163
168,3,-1,-1,2.21179
168,4,-1,-1,2.22081
168,5,-1,-1,2.21331
168,6,-1,-1,2.22153
168,7,-1,-1,2.21488
168,8,-1,-1,2.21525
168,9,-1,-1,2.221
168,10,-1,-1,2.27338
168,11,-1,-1,2.21018
168,12,-1,-1,2.21228
168,13,-1,-1,2.21959
168,14,-1,-1,2.21624
168,15,-1,-1,2.27305
168,16,-1,-1,2.21638
168,17,-1,-1,2.21766
168,18,-1,-1,2.27177
168,19,-1,-1,2.21019
169,0,-1,-1,2.29948
169,1,-1,-1,2.24044
169,2,-1,-1,2.24008
169,3,-1,-1,2.23636
169,4,-1,-1,2.29913
169,5,-1,-1,2.2412
169,6,-1,-1,2.23584
169,7,-1,-1,2.23862
169,8,-1,-1,2.24125
169,9,-1,-1,2.23615
169,10,-1,-1,2.23762
169,11,-1,-1,2.23633
169,12,-1,-1,2.24285
169,13,-1,-1,2.24448
169,14,-1,-1,2.23915
169,15,-1,-1,2.24219
169,16,-1,-1,2.24977
169,17,-1,-1,2.29911
169,18,-1,-1,2.24785
169,19,-1,-1,2.29915
170,0,-1,-1,2.26532
170,1,-1,-1,2.2737
170,2,-1,-1,2.26637
170,3,-1,-1,2.26986
170,4,-1,-1,2.26971
170,5,-1,-1,2.32276
170,6,-1,-1,2.2673
170,7,-1,-1,2.26871
170,8,-1,-1,2.26622
170,9,-1,-1,2.26194
170,10,-1,-1,2.32453
170,11,-1,-1,2.26927
170,12,-1,-1,2.26326
170,13,-1,-1,2.33215
170,14,-1,-1,2.27005
170,15,-1,-1,2.32407
170,16,-1,-1,2.26416
170,17,-1,-1,2.26464
170,18,-1,-1,2.26299
170,19,-1,-1,2.25967
171,0,-1,-1,2.28896
171,1,-1,-1,2.35082
171,2,-1,-1,2.29375
171,3,-1,-1,2.2925
171,4,-1,-1,2.2903
171,5,-1,-1,2.29123
171,6,-1,-1,2.28994
171,7,-1,-1,2.29001
171,8,-1,-1,2.28939
171,9,-1,-1,2.29508
171,10,-1,-1,2.29172
171,11,-1,-1,2.28737
171,12,-1,-1,2.2919
171,13,-1,-1,2.34809
171,14,-1,-1,2.2866
171,15,-1,-1,2.29074
171,16,-1,-1,2.28925
171,17,-1,-1,2.28632
171,18,-1,-1,2.30212
171,19,-1,-1,2.29186
172,0,-1,-1,2.32072
172,1,-1,-1,2.31874
172,2,-1,-1,2.31529
172,3,-1,-1,2.32083
172,4,-1,-1,2.37191
172,5,-1,-1,2.31385
172,6,-1,-1,2.31375
172,7,-1,-1,2.32066
172,8,-1,-1,2.31375
172,9,-1,-1,2.37899
172,10,-1,-1,2.3628
172,11,-1,-1,2.32715
172,12,-1,-1,2.32355
172,13,-1,-1,2.31414
172,14,-1,-1,2.33892
172,15,-1,-1,2.32404
172,16,-1,-1,2.32664
172,17,-1,-1,2.31769
172,18,-1,-1,2.37459
172,19,-1,-1,2.31306
173,0,-1,-1,2.34893
173,1,-1,-1,2.39957
173,2,-1,-1,2.35777
173,3,-1,-1,2.35871
173,4,-1,-1,2.38952
173,5,-1,-1,2.35285
173,6,-1,-1,2.34508
173,7,-1,-1,2.38835
173,8,-1,-1,2.33869
173,9,-1,-1,2.37673
173,10,-1,-1,2.34148
173,11,-1,-1,2.3429
173,12,-1,-1,2.34219
173,13,-1,-1,2.34232
173,14,-1,-1,2.34741
173,15,-1,-1,2.34194
173,16,-1,-1,2.34651
173,17,-1,-1,2.34313
173,18,-1,-1,2.40354
173,19,-1,-1,2.35417
174,0,-1,-1,2.37046
174,1,-1,-1,2.37557
174,2,-1,-1,2.37521
174,3,-1,-1,2.37803
174,4,-1,-1,2.42641
174,5,-1,-1,2.42866
174,6,-1,-1,2.37033
174,7,-1,-1,2.37202
174,8,-1,-1,2.3707
174,9,-1,-1,2.37037
174,10,-1,-1,2.36924
174,11,-1,-1,2.36973
174,12,-1,-1,2.42706
174,13,-1,-1,2.37201
174,14,-1,-1,2.3698
174,15,-1,-1,2.37952
174,16,-1,-1,2.37069
174,17,-1,-1,2.37468
174,18,-1,-1,2.36607
174,19,-1,-1,2.37148
175,0,-1,-1,2.44996
175,1,-1,-1,2.40241
175,2,-1,-1,2.45613
175,3,-1,-1,2.39749
175,4,-1,-1,2.39883
175,5,-1,-1,2.39189
175,6,-1,-1,2.39269
175,7,-1,-1,2.3983
175,8,-1,-1,2.39574
175,9,-1,-1,2.39338
175,10,-1,-1,2.39897
175,11,-1,-1,2.39379
175,12,-1,-1,2.39369
175,13,-1,-1,2.46098
175,14,-1,-1,2.39725
175,15,-1,-1,2.39861
175,16,-1,-1,2.45519
175,17,-1,-1,2.393
175,18,-1,-1,2.4025
175,19,-1,-1,2.39645
176,0,-1,-1,2.42227
176,1,-1,-1,2.4246
176,2,-1,-1,2.42479
176,3,-1,-1,2.42336
176,4,-1,-1,2.42221
176,5,-1,-1,2.42504
176,6,-1,-1,2.42218
176,7,-1,-1,2.42172
176,8,-1,-1,2.42279
176,9,-1,-1,2.42305
176,10,-1,-1,2.42599
176,11,-1,-1,2.42646
176,12,-1,-1,2.42475
176,13,-1,-1,2.43085
176,14,-1,-1,2.57029
176,15,-1,-1,2.42031
176,16,-1,-1,2.42522
176,17,-1,-1,2.43348
176,18,-1,-1,2.42873
176,19,-1,-1,2.42325
177,0,-1,-1,2.44847
177,1,-1,-1,2.45196
177,2,-1,-1,2.45725
177,3,-1,-1,2.44954
177,4,-1,-1,2.45059
177,5,-1,-1,2.45135
177,6,-1,-1,2.50574
177,7,-1,-1,2.51469
177,8,-1,-1,2.45162
177,9,-1,-1,2.45278
177,10,-1,-1,2.45145
177,11,-1,-1,2.45413
177,12,-1,-1,2.44819
177,13,-1,-1,2.45445
177,14,-1,-1,2.4525
177,15,-1,-1,2.44893
177,16,-1,-1,2.45091
177,17,-1,-1,2.44459
177,18,-1,-1,2.44706
177,19,-1,-1,2.44987
178,0,-1,-1,2.5309
178,1,-1,-1,2.52406
178,2,-1,-1,2.48068
178,3,-1,-1,2.48518
178,4,-1,-1,2.48082
178,5,-1,-1,2.47429
178,6,-1,-1,2.47437
178,7,-1,-1,2.47952
178,8,-1,-1,2.47656
178,9,-1,-1,2.47699
178,10,-1,-1,2.4749
178,11,-1,-1,2.48401
178,12,-1,-1,2.47958
178,13,-1,-1,2.48336
178,14,-1,-1,2.53568
178,15,-1,-1,2.47708
178,16,-1,-1,2.52441
178,17,-1,-1,2.4832
178,18,-1,-1,2.48426
178,19,-1,-1,2.47771
179,0,-1,-1,2.55705
179,1,-1,-1,2.50213
179,2,-1,-1,2.50807
179,3,-1,-1,2.50765
179,4,-1,-1,2.50481
179,5,-1,-1,2.50359
179,6,-1,-1,2.50011
179,7,-1,-1,2.50467
179,8,-1,-1,2.51287
179,9,-1,-1,2.50363
179,10,-1,-1,2.50204
179,11,-1,-1,2.50405
179,12,-1,-1,2.51111
179,13,-1,-1,2.50183
179,14,-1,-1,2.50971
179,15,-1,-1,2.5612
179,16,-1,-1,2.50373
179,17,-1,-1,2.50335
179,18,-1,-1,2.50758
179,19,-1,-1,2.50216
180,0,-1,-1,2.52735
180,1,-1,-1,2.61127
180,2,-1,-1,2.53576
180,3,-1,-1,2.53388
180,4,-1,-1,2.52959
180,5,-1,-1,2.58935
180,6,-1,-1,2.57671
180,7,-1,-1,2.5341
180,8,-1,-1,2.59117
180,9,-1,-1,2.53806
180,10,-1,-1,2.59172
180,11,-1,-1,2.52681
180,12,-1,-1,2.52987
180,13,-1,-1,2.53174
180,14,-1,-1,2.53566
180,15,-1,-1,2.53285
180,16,-1,-1,2.53443
180,17,-1,-1,2.53734
180,18,-1,-1,2.5895
180,19,-1,-1,2.53035
181,0,-1,-1,2.55968
181,1,-1,-1,2.5562
181,2,-1,-1,2.55563
181,3,-1,-1,2.55664
181,4,-1,-1,2.55797
181,5,-1,-1,2.55797
181,6,-1,-1,2.55781
181,7,-1,-1,2.56122
181,8,-1,-1,2.55481
181,9,-1,-1,2.55609
181,10,-1,-1,2.56349
181,11,-1,-1,2.55761
181,12,-1,-1,2.56326
181,13,-1,-1,2.56333
181,14,-1,-1,2.56255
181,15,-1,-1,2.55915
181,16,-1,-1,2.55564
181,17,-1,-1,2.57205
181,18,-1,-1,2.56291
181,19,-1,-1,2.55892
182,0,-1,-1,2.59511
182,1,-1,-1,2.58624
182,2,-1,-1,2.59739
182,3,-1,-1,2.59288
182,4,-1,-1,2.59313
182,5,-1,-1,2.59049
182,6,-1,-1,2.58862
182,7,-1,-1,2.5911
182,8,-1,-1,2.59227
182,9,-1,-1,2.5845
182,10,-1,-1,2.58929
182,11,-1,-1,2.5968
182,12,-1,-1,2.5876
182,13,-1,-1,2.5934
182,14,-1,-1,2.59486
182,15,-1,-1,2.59464
182,16,-1,-1,2.59068
182,17,-1,-1,2.5868
182,18,-1,-1,2.59816
182,19,-1,-1,2.65257
183,0,-1,-1,2.67391
183,1,-1,-1,2.67618
183,2,-1,-1,2.67471
183,3,-1,-1,2.67176
183,4,-1,-1,2.61976
183,5,-1,-1,2.62486
183,6,-1,-1,2.6752
183,7,-1,-1,2.61773
183,8,-1,-1,2.61858
183,9,-1,-1,2.67328
183,10,-1,-1,2.62352
183,11,-1,-1,2.61575
183,12,-1,-1,2.61343
183,13,-1,-1,2.6204
183,14,-1,-1,2.62114
183,15,-1,-1,2.61312
183,16,-1,-1,2.61296
183,17,-1,-1,2.61031
183,18,-1,-1,2.61021
183,19,-1,-1,2.62518
184,0,-1,-1,2.64549
184,1,-1,-1,2.65405
184,2,-1,-1,2.64658
184,3,-1,-1,2.64513
184,4,-1,-1,2.64927
184,5,-1,-1,2.65154
184,6,-1,-1,2.64017
184,7,-1,-1,2.70089
184,8,-1,-1,2.6472
184,9,-1,-1,2.64761
184,10,-1,-1,2.64441
184,11,-1,-1,2.64326
184,12,-1,-1,2.64748
184,13,-1,-1,2.64931
184,14,-1,-1,2.64352
184,15,-1,-1,2.63956
184,16,-1,-1,2.64106
184,17,-1,-1,2.64543
184,18,-1,-1,2.70271
184,19,-1,-1,2.69837
185,0,-1,-1,2.666
185,1,-1,-1,2.6725
185,2,-1,-1,2.6723
185,3,-1,-1,2.67637
185,4,-1,-1,2.67133
185,5,-1,-1,2.66947
185,6,-1,-1,2.67762
185,7,-1,-1,2.68105
185,8,-1,-1,2.67018
185,9,-1,-1,2.66901
185,10,-1,-1,2.67443
185,11,-1,-1,2.67405
185,12,-1,-1,2.67439
185,13,-1,-1,2.67637
185,14,-1,-1,2.67383
185,15,-1,-1,2.67443
185,16,-1,-1,2.66784
185,17,-1,-1,2.68679
185,18,-1,-1,2.67208
185,19,-1,-1,2.67086
186,0,-1,-1,2.73731
186,1,-1,-1,2.73035
186,2,-1,-1,2.72881
186,3,-1,-1,2.73565
186,4,-1,-1,2.7281
186,5,-1,-1,2.7381
186,6,-1,-1,2.7259
186,7,-1,-1,2.72073
186,8,-1,-1,2.73195
186,9,-1,-1,2.73895
186,10,-1,-1,2.72369
186,11,-1,-1,2.72456
186,12,-1,-1,2.73146
186,13,-1,-1,2.71896
186,14,-1,-1,2.7255
186,15,-1,-1,2.72409
186,16,-1,-1,2.72048
186,17,-1,-1,2.72148
186,18,-1,-1,2.73099
186,19,-1,-1,2.77795
187,0,-1,-1,2.74732
187,1,-1,-1,2.81297
187,2,-1,-1,2.75594
187,3,-1,-1,2.75239
187,4,-1,-1,2.75209
187,5,-1,-1,2.7559
187,6,-1,-1,2.75351
187,7,-1,-1,2.75171
187,8,-1,-1,2.75181
187,9,-1,-1,2.75349
187,10,-1,-1,2.75463
187,11,-1,-1,2.75038
187,12,-1,-1,2.75906
187,13,-1,-1,2.76646
187,14,-1,-1,2.74771
187,15,-1,-1,2.75144
187,16,-1,-1,2.74478
187,17,-1,-1,2.75313
187,18,-1,-1,2.75807
187,19,-1,-1,2.75184
188,0,-1,-1,2.78758
188,1,-1,-1,2.77704
188,2,-1,-1,2.78752
188,3,-1,-1,2.7772
188,4,-1,-1,2.78065
188,5,-1,-1,2.78344
188,6,-1,-1,2.7825
188,7,-1,-1,2.78367
188,8,-1,-1,2.78188
188,9,-1,-1,2.78306
188,10,-1,-1,2.80238
188,11,-1,-1,2.78995
188,12,-1,-1,2.7922
188,13,-1,-1,2.78306
188,14,-1,-1,2.78477
188,15,-1,-1,2.78093
188,16,-1,-1,2.783
188,17,-1,-1,2.7797
188,18,-1,-1,2.83646
188,19,-1,-1,2.8376
189,0,-1,-1,2.80983
189,1,-1,-1,2.80849
189,2,-1,-1,2.8657
189,3,-1,-1,2.80939
189,4,-1,-1,2.81035
189,5,-1,-1,2.80998
189,6,-1,-1,2.81256
189,7,-1,-1,2.81432
189,8,-1,-1,2.80979
189,9,-1,-1,2.81592
189,10,-1,-1,2.81403
189,11,-1,-1,2.80982
189,12,-1,-1,2.81451
189,13,-1,-1,2.81138
189,14,-1,-1,2.87069
189,15,-1,-1,2.81095
189,16,-1,-1,2.85678
189,17,-1,-1,2.81389
189,18,-1,-1,2.85495
189,19,-1,-1,2.81658
190,0,-1,-1,2.81377
190,1,-1,-1,2.82838
190,2,-1,-1,2.81957
190,3,-1,-1,2.82305
190,4,-1,-1,2.82004
190,5,-1,-1,2.81546
190,6,-1,-1,2.82428
190,7,-1,-1,2.81258
190,8,-1,-1,2.81665
190,9,-1,-1,2.81737
190,10,-1,-1,2.81732
190,11,-1,-1,2.82652
190,12,-1,-1,2.87242
190,13,-1,-1,2.81634
190,14,-1,-1,2.87636
190,15,-1,-1,2.87206
190,16,-1,-1,2.82079
190,17,-1,-1,2.81642
190,18,-1,-1,2.8176
190,19,-1,-1,2.81871
191,0,-1,-1,2.90933
191,1,-1,-1,2.84806
191,2,-1,-1,2.84713
191,3,-1,-1,2.90269
191,4,-1,-1,2.84331
191,5,-1,-1,2.85549
191,6,-1,-1,2.85318
191,7,-1,-1,2.84523
191,8,-1,-1,2.84628
191,9,-1,-1,2.85233
191,10,-1,-1,2.85274
191,11,-1,-1,2.84865
191,12,-1,-1,2.84745
191,13,-1,-1,2.8481
191,14,-1,-1,2.8478
191,15,-1,-1,2.84714
191,16,-1,-1,2.84584
191,17,-1,-1,2.84779
191,18,-1,-1,2.84457
191,19,-1,-1,2.8487
192,0,-1,-1,2.87693
192,1,-1,-1,2.92282
192,2,-1,-1,2.87869
192,3,-1,-1,2.87678
192,4,-1,-1,2.92338
192,5,-1,-1,2.87938
192,6,-1,-1,2.93183
192,7,-1,-1,2.8737
192,8,-1,-1,2.93055
192,9,-1,-1,2.87967
192,10,-1,-1,2.8773
192,11,-1,-1,2.93319
192,12,-1,-1,2.88309
192,13,-1,-1,2.93112
192,14,-1,-1,2.87036
192,15,-1,-1,2.93214
192,16,-1,-1,2.88183
192,17,-1,-1,2.87311
192,18,-1,-1,2.93757
192,19,-1,-1,2.87294
193,0,-1,-1,2.96099
193,1,-1,-1,2.90848
193,2,-1,-1,2.96085
193,3,-1,-1,2.90141
193,4,-1,-1,2.90385
193,5,-1,-1,2.89754
193,6,-1,-1,2.91049
193,7,-1,-1,2.9136
193,8,-1,-1,2.91037
193,9,-1,-1,2.89882
193,10,-1,-1,2.90826
193,11,-1,-1,2.95698
193,12,-1,-1,2.90761
193,13,-1,-1,2.94866
193,14,-1,-1,2.95846
193,15,-1,-1,2.96176
193,16,-1,-1,2.95238
193,17,-1,-1,2.92798
193,18,-1,-1,2.90251
193,19,-1,-1,2.90222
194,0,-1,-1,2.93046
194,1,-1,-1,2.98653
194,2,-1,-1,2.9305
194,3,-1,-1,2.9333
194,4,-1,-1,2.93389
194,5,-1,-1,2.93026
194,6,-1,-1,2.93125
194,7,-1,-1,2.93084
194,8,-1,-1,2.97442
194,9,-1,-1,2.99364
194,10,-1,-1,2.98943
194,11,-1,-1,2.98134
194,12,-1,-1,2.93092
194,13,-1,-1,2.92687
194,14,-1,-1,2.92835
194,15,-1,-1,2.92984
194,16,-1,-1,2.92854
194,17,-1,-1,2.9274
194,18,-1,-1,2.92832
194,19,-1,-1,2.93096
195,0,-1,-1,2.96273
195,1,-1,-1,2.95956
195,2,-1,-1,2.95948
195,3,-1,-1,2.96876
195,4,-1,-1,2.9618
195,5,-1,-1,2.96043
195,6,-1,-1,2.96557
195,7,-1,-1,2.9624
195,8,-1,-1,3.01998
195,9,-1,-1,2.96728
195,10,-1,-1,3.0199
195,11,-1,-1,2.96794
195,12,-1,-1,2.96455
195,13,-1,-1,2.96078
195,14,-1,-1,2.96062
195,15,-1,-1,2.96034
195,16,-1,-1,3.0197
195,17,-1,-1,2.96212
195,18,-1,-1,3.01639
195,19,-1,-1,3.01737
196,0,-1,-1,2.99591
196,1,-1,-1,2.98912
196,2,-1,-1,2.98997
196,3,-1,-1,2.9964
196,4,-1,-1,3.03687
196,5,-1,-1,2.99854
196,6,-1,-1,2.99286
196,7,-1,-1,2.99473
196,8,-1,-1,2.9959
196,9,-1,-1,2.99833
196,10,-1,-1,2.99254
196,11,-1,-1,3.05198
196,12,-1,-1,2.99451
196,13,-1,-1,3.05549
196,14,-1,-1,2.99377
196,15,-1,-1,2.98583
196,16,-1,-1,2.99931
196,17,-1,-1,3.00615
196,18,-1,-1,2.99318
196,19,-1,-1,2.993
197,0,-1,-1,3.04461
197,1,-1,-1,3.03086
197,2,-1,-1,3.03172
197,3,-1,-1,3.02135
197,4,-1,-1,3.02612
197,5,-1,-1,3.03182
197,6,-1,-1,3.02548
197,7,-1,-1,3.08614
197,8,-1,-1,3.0493
197,9,-1,-1,3.02378
197,10,-1,-1,3.02425
197,11,-1,-1,3.02016
197,12,-1,-1,3.02628
197,13,-1,-1,3.02535
197,14,-1,-1,3.02804
197,15,-1,-1,3.02653
197,16,-1,-1,3.02296
197,17,-1,-1,3.06832
197,18,-1,-1,3.02353
197,19,-1,-1,3.02372
198,0,-1,-1,3.05674
198,1,-1,-1,3.06468
198,2,-1,-1,3.06412
198,3,-1,-1,3.05206
198,4,-1,-1,3.05233
198,5,-1,-1,3.05411
198,6,-1,-1,3.04804
198,7,-1,-1,3.05176
198,8,-1,-1,3.05333
198,9,-1,-1,3.05337
198,10,-1,-1,3.05251
198,11,-1,-1,3.05312
198,12,-1,-1,3.05121
198,13,-1,-1,3.05771
198,14,-1,-1,3.06375
198,15,-1,-1,3.06116
198,16,-1,-1,3.06085
198,17,-1,-1,3.06082
198,18,-1,-1,3.0601
198,19,-1,-1,3.06734
199,0,-1,-1,3.08218
199,1,-1,-1,3.08284
199,2,-1,-1,3.08206
199,3,-1,-1,3.08798
199,4,-1,-1,3.07851
199,5,-1,-1,3.07998
199,6,-1,-1,3.08961
199,7,-1,-1,3.08747
199,8,-1,-1,3.08799
199,9,-1,-1,3.08806
199,10,-1,-1,3.0866
199,11,-1,-1,3.088
199,12,-1,-1,3.08663
199,13,-1,-1,3.08985
199,14,-1,-1,3.08475
199,15,-1,-1,3.08197
199,16,-1,-1,3.14656
199,17,-1,-1,3.09211
199,18,-1,-1,3.08815
199,19,-1,-1,3.08741
