Length,Number, MeanB, MeanBB, MeanD
1,0,-1,-1,0.015171
1,1,-1,-1,0.014433
1,2,-1,-1,0.014219
1,3,-1,-1,0.014212
1,4,-1,-1,0.013339
1,5,-1,-1,0.013171
1,6,-1,-1,0.014015
1,7,-1,-1,0.014174
1,8,-1,-1,0.014064
1,9,-1,-1,0.014257
1,10,-1,-1,0.014135
1,11,-1,-1,0.014261
1,12,-1,-1,0.012885
1,13,-1,-1,0.014203
1,14,-1,-1,0.012884
1,15,-1,-1,0.013937
1,16,-1,-1,0.012987
1,17,-1,-1,0.014256
1,18,-1,-1,0.014257
1,19,-1,-1,0.013171
2,0,-1,-1,0.0088035
2,1,-1,-1,0.0088345
2,2,-1,-1,0.0086785
2,3,-1,-1,0.00888
2,4,-1,-1,0.0093465
2,5,-1,-1,0.0096035
2,6,-1,-1,0.008845
2,7,-1,-1,0.008695
2,8,-1,-1,0.0094965
2,9,-1,-1,0.0093245
2,10,-1,-1,0.009247
2,11,-1,-1,0.0087105
2,12,-1,-1,0.0087555
2,13,-1,-1,0.008738
2,14,-1,-1,0.009378
2,15,-1,-1,0.008834
2,16,-1,-1,0.0093445
2,17,-1,-1,0.0093405
2,18,-1,-1,0.009443
2,19,-1,-1,0.0086885
3,0,-1,-1,0.00828467
3,1,-1,-1,0.00797567
3,2,-1,-1,0.008285
3,3,-1,-1,0.00787633
3,4,-1,-1,0.00831533
3,5,-1,-1,0.00826167
3,6,-1,-1,0.00826767
3,7,-1,-1,0.008379
3,8,-1,-1,0.00787633
3,9,-1,-1,0.00830067
3,10,-1,-1,0.00832433
3,11,-1,-1,0.00829633
3,12,-1,-1,0.00810533
3,13,-1,-1,0.00946
3,14,-1,-1,0.007923
3,15,-1,-1,0.00826933
3,16,-1,-1,0.00835633
3,17,-1,-1,0.00831233
3,18,-1,-1,0.00782033
3,19,-1,-1,0.00815867
4,0,-1,-1,0.0079735
4,1,-1,-1,0.007978
4,2,-1,-1,0.0077375
4,3,-1,-1,0.00776925
4,4,-1,-1,0.007748
4,5,-1,-1,0.007804
4,6,-1,-1,0.0077545
4,7,-1,-1,0.0077325
4,8,-1,-1,0.007732
4,9,-1,-1,0.0076645
4,10,-1,-1,0.00776225
4,11,-1,-1,0.0077725
4,12,-1,-1,0.00803675
4,13,-1,-1,0.00776775
4,14,-1,-1,0.008179
4,15,-1,-1,0.011269
4,16,-1,-1,0.00810575
4,17,-1,-1,0.00809825
4,18,-1,-1,0.00774775
4,19,-1,-1,0.008082
5,0,-1,-1,0.0084502
5,1,-1,-1,0.011691
5,2,-1,-1,0.0178766
5,3,-1,-1,0.0081962
5,4,-1,-1,0.0083814
5,5,-1,-1,0.0085718
5,6,-1,-1,0.0084934
5,7,-1,-1,0.0085278
5,8,-1,-1,0.0085198
5,9,-1,-1,0.008391
5,10,-1,-1,0.008574
5,11,-1,-1,0.0085806
5,12,-1,-1,0.0119178
5,13,-1,-1,0.008575
5,14,-1,-1,0.008205
5,15,-1,-1,0.0084498
5,16,-1,-1,0.0086418
5,17,-1,-1,0.0084828
5,18,-1,-1,0.0082638
5,19,-1,-1,0.0085616
6,0,-1,-1,0.0103475
6,1,-1,-1,0.00879883
6,2,-1,-1,0.00907467
6,3,-1,-1,0.00920317
6,4,-1,-1,0.008802
6,5,-1,-1,0.00888933
6,6,-1,-1,0.0089605
6,7,-1,-1,0.00924967
6,8,-1,-1,0.00898717
6,9,-1,-1,0.008969
6,10,-1,-1,0.00913733
6,11,-1,-1,0.008793
6,12,-1,-1,0.0087395
6,13,-1,-1,0.00898933
6,14,-1,-1,0.00899283
6,15,-1,-1,0.00888817
6,16,-1,-1,0.00874933
6,17,-1,-1,0.0089505
6,18,-1,-1,0.00912917
6,19,-1,-1,0.00910033
7,0,-1,-1,0.009688
7,1,-1,-1,0.00982129
7,2,-1,-1,0.009922
7,3,-1,-1,0.009992
7,4,-1,-1,0.0101417
7,5,-1,-1,0.0101819
7,6,-1,-1,0.009885
7,7,-1,-1,0.00969714
7,8,-1,-1,0.0106647
7,9,-1,-1,0.00993443
7,10,-1,-1,0.00976229
7,11,-1,-1,0.00977214
7,12,-1,-1,0.00990186
7,13,-1,-1,0.00979757
7,14,-1,-1,0.00991871
7,15,-1,-1,0.0100056
7,16,-1,-1,0.00999671
7,17,-1,-1,0.0100346
7,18,-1,-1,0.00982386
7,19,-1,-1,0.00992971
8,0,-1,-1,0.0109857
8,1,-1,-1,0.0109133
8,2,-1,-1,0.0112051
8,3,-1,-1,0.0109654
8,4,-1,-1,0.0111942
8,5,-1,-1,0.0109317
8,6,-1,-1,0.0111171
8,7,-1,-1,0.0111148
8,8,-1,-1,0.0109291
8,9,-1,-1,0.0109414
8,10,-1,-1,0.0111728
8,11,-1,-1,0.0134631
8,12,-1,-1,0.0108925
8,13,-1,-1,0.0109941
8,14,-1,-1,0.0115092
8,15,-1,-1,0.0111606
8,16,-1,-1,0.011132
8,17,-1,-1,0.0107911
8,18,-1,-1,0.0112363
8,19,-1,-1,0.0112962
9,0,-1,-1,0.0123087
9,1,-1,-1,0.0121688
9,2,-1,-1,0.0124016
9,3,-1,-1,0.0125168
9,4,-1,-1,0.012814
9,5,-1,-1,0.0124378
9,6,-1,-1,0.0122433
9,7,-1,-1,0.0123806
9,8,-1,-1,0.0126304
9,9,-1,-1,0.012786
9,10,-1,-1,0.012645
9,11,-1,-1,0.0124397
9,12,-1,-1,0.0122077
9,13,-1,-1,0.012381
9,14,-1,-1,0.0127723
9,15,-1,-1,0.0125027
9,16,-1,-1,0.0123772
9,17,-1,-1,0.012319
9,18,-1,-1,0.0130556
9,19,-1,-1,0.0126907
10,0,-1,-1,0.0140413
10,1,-1,-1,0.0143387
10,2,-1,-1,0.0138471
10,3,-1,-1,0.0142332
10,4,-1,-1,0.0141409
10,5,-1,-1,0.0142999
10,6,-1,-1,0.0144381
10,7,-1,-1,0.0143652
10,8,-1,-1,0.013914
10,9,-1,-1,0.0144402
10,10,-1,-1,0.0137936
10,11,-1,-1,0.0146841
10,12,-1,-1,0.0140384
10,13,-1,-1,0.0144967
10,14,-1,-1,0.0140944
10,15,-1,-1,0.014007
10,16,-1,-1,0.013923
10,17,-1,-1,0.0140016
10,18,-1,-1,0.0139546
10,19,-1,-1,0.0140613
11,0,-1,-1,0.0161245
11,1,-1,-1,0.0164872
11,2,-1,-1,0.015833
11,3,-1,-1,0.0160924
11,4,-1,-1,0.0156537
11,5,-1,-1,0.0165262
11,6,-1,-1,0.0162201
11,7,-1,-1,0.0158079
11,8,-1,-1,0.0170187
11,9,-1,-1,0.0165595
11,10,-1,-1,0.0160763
11,11,-1,-1,0.0161148
11,12,-1,-1,0.0162495
11,13,-1,-1,0.0160442
11,14,-1,-1,0.0161213
11,15,-1,-1,0.0172632
11,16,-1,-1,0.0164754
11,17,-1,-1,0.0162078
11,18,-1,-1,0.0159998
11,19,-1,-1,0.0159794
12,0,-1,-1,0.0182877
12,1,-1,-1,0.0186141
12,2,-1,-1,0.0185956
12,3,-1,-1,0.0208685
12,4,-1,-1,0.0189495
12,5,-1,-1,0.0190262
12,6,-1,-1,0.0182613
12,7,-1,-1,0.0188534
12,8,-1,-1,0.0195048
12,9,-1,-1,0.0295789
12,10,-1,-1,0.0195113
12,11,-1,-1,0.0184724
12,12,-1,-1,0.0184562
12,13,-1,-1,0.0183881
12,14,-1,-1,0.0185874
12,15,-1,-1,0.0189362
12,16,-1,-1,0.0187332
12,17,-1,-1,0.0193767
12,18,-1,-1,0.0187268
12,19,-1,-1,0.0180972
13,0,-1,-1,0.0212278
13,1,-1,-1,0.0212629
13,2,-1,-1,0.0217122
13,3,-1,-1,0.020812
13,4,-1,-1,0.0217368
13,5,-1,-1,0.0203755
13,6,-1,-1,0.0221635
13,7,-1,-1,0.0218913
13,8,-1,-1,0.0220285
13,9,-1,-1,0.0209612
13,10,-1,-1,0.0221361
13,11,-1,-1,0.020926
13,12,-1,-1,0.021301
13,13,-1,-1,0.0209396
13,14,-1,-1,0.0207309
13,15,-1,-1,0.0214812
13,16,-1,-1,0.0210737
13,17,-1,-1,0.0213259
13,18,-1,-1,0.0212485
13,19,-1,-1,0.0204232
14,0,-1,-1,0.0238729
14,1,-1,-1,0.0245886
14,2,-1,-1,0.0239236
14,3,-1,-1,0.0239886
14,4,-1,-1,0.0243745
14,5,-1,-1,0.0240401
14,6,-1,-1,0.0237239
14,7,-1,-1,0.0243566
14,8,-1,-1,0.0241499
14,9,-1,-1,0.0246094
14,10,-1,-1,0.0242391
14,11,-1,-1,0.0247089
14,12,-1,-1,0.0255843
14,13,-1,-1,0.0246802
14,14,-1,-1,0.0230706
14,15,-1,-1,0.0248336
14,16,-1,-1,0.0239668
14,17,-1,-1,0.0257978
14,18,-1,-1,0.0247341
14,19,-1,-1,0.02416
15,0,-1,-1,0.0264527
15,1,-1,-1,0.0274955
15,2,-1,-1,0.0273599
15,3,-1,-1,0.0276407
15,4,-1,-1,0.0284632
15,5,-1,-1,0.0269931
15,6,-1,-1,0.0266535
15,7,-1,-1,0.035969
15,8,-1,-1,0.0275906
15,9,-1,-1,0.0407482
15,10,-1,-1,0.0268206
15,11,-1,-1,0.0269789
15,12,-1,-1,0.0270665
15,13,-1,-1,0.0267527
15,14,-1,-1,0.027339
15,15,-1,-1,0.0278555
15,16,-1,-1,0.0263
15,17,-1,-1,0.0280845
15,18,-1,-1,0.0270039
15,19,-1,-1,0.0270995
16,0,-1,-1,0.0312017
16,1,-1,-1,0.0316368
16,2,-1,-1,0.0299756
16,3,-1,-1,0.031404
16,4,-1,-1,0.0318119
16,5,-1,-1,0.0311821
16,6,-1,-1,0.0327782
16,7,-1,-1,0.03453
16,8,-1,-1,0.0316737
16,9,-1,-1,0.0300384
16,10,-1,-1,0.0311134
16,11,-1,-1,0.0313334
16,12,-1,-1,0.0314172
16,13,-1,-1,0.0310599
16,14,-1,-1,0.0334812
16,15,-1,-1,0.0310203
16,16,-1,-1,0.030669
16,17,-1,-1,0.0316884
16,18,-1,-1,0.0296825
16,19,-1,-1,0.0300245
17,0,-1,-1,0.0337689
17,1,-1,-1,0.0327869
17,2,-1,-1,0.0334221
17,3,-1,-1,0.0343845
17,4,-1,-1,0.0322726
17,5,-1,-1,0.0349932
17,6,-1,-1,0.0341244
17,7,-1,-1,0.043102
17,8,-1,-1,0.0344306
17,9,-1,-1,0.0332554
17,10,-1,-1,0.0337248
17,11,-1,-1,0.0338904
17,12,-1,-1,0.0337097
17,13,-1,-1,0.0339864
17,14,-1,-1,0.0348956
17,15,-1,-1,0.035282
17,16,-1,-1,0.0342657
17,17,-1,-1,0.0338868
17,18,-1,-1,0.0334959
17,19,-1,-1,0.0339266
18,0,-1,-1,0.0384073
18,1,-1,-1,0.0369084
18,2,-1,-1,0.0410086
18,3,-1,-1,0.0476181
18,4,-1,-1,0.0381734
18,5,-1,-1,0.0383388
18,6,-1,-1,0.0412884
18,7,-1,-1,0.0378524
18,8,-1,-1,0.0368267
18,9,-1,-1,0.0370378
18,10,-1,-1,0.0358036
18,11,-1,-1,0.0373196
18,12,-1,-1,0.0372535
18,13,-1,-1,0.0382501
18,14,-1,-1,0.0376183
18,15,-1,-1,0.0370656
18,16,-1,-1,0.037075
18,17,-1,-1,0.0385703
18,18,-1,-1,0.0359163
18,19,-1,-1,0.0386304
19,0,-1,-1,0.0423968
19,1,-1,-1,0.0401957
19,2,-1,-1,0.0411999
19,3,-1,-1,0.0411842
19,4,-1,-1,0.0420824
19,5,-1,-1,0.0407626
19,6,-1,-1,0.0422116
19,7,-1,-1,0.0409112
19,8,-1,-1,0.0402528
19,9,-1,-1,0.0420228
19,10,-1,-1,0.0435715
19,11,-1,-1,0.0408966
19,12,-1,-1,0.0412483
19,13,-1,-1,0.0394783
19,14,-1,-1,0.0401768
19,15,-1,-1,0.0419731
19,16,-1,-1,0.0429396
19,17,-1,-1,0.0408984
19,18,-1,-1,0.0441021
19,19,-1,-1,0.0403263
20,0,-1,-1,0.0441709
20,1,-1,-1,0.0446978
20,2,-1,-1,0.0463102
20,3,-1,-1,0.0444064
20,4,-1,-1,0.0435929
20,5,-1,-1,0.0438592
20,6,-1,-1,0.0450291
20,7,-1,-1,0.0452196
20,8,-1,-1,0.0436687
20,9,-1,-1,0.0465084
20,10,-1,-1,0.0462654
20,11,-1,-1,0.0428447
20,12,-1,-1,0.045175
20,13,-1,-1,0.0454417
20,14,-1,-1,0.0567165
20,15,-1,-1,0.0582707
20,16,-1,-1,0.0451808
20,17,-1,-1,0.0451729
20,18,-1,-1,0.0447044
20,19,-1,-1,0.0457732
21,0,-1,-1,0.0498215
21,1,-1,-1,0.048833
21,2,-1,-1,0.047646
21,3,-1,-1,0.0511711
21,4,-1,-1,0.0488218
21,5,-1,-1,0.0509167
21,6,-1,-1,0.0495008
21,7,-1,-1,0.0500274
21,8,-1,-1,0.0476673
21,9,-1,-1,0.0493032
21,10,-1,-1,0.0494149
21,11,-1,-1,0.0466886
21,12,-1,-1,0.0483577
21,13,-1,-1,0.0492331
21,14,-1,-1,0.0479794
21,15,-1,-1,0.0494876
21,16,-1,-1,0.0503679
21,17,-1,-1,0.0480544
21,18,-1,-1,0.0490371
21,19,-1,-1,0.0481477
22,0,-1,-1,0.0547537
22,1,-1,-1,0.0537376
22,2,-1,-1,0.0550405
22,3,-1,-1,0.0546411
22,4,-1,-1,0.0528618
22,5,-1,-1,0.0519482
22,6,-1,-1,0.0530162
22,7,-1,-1,0.0545695
22,8,-1,-1,0.0528481
22,9,-1,-1,0.0544767
22,10,-1,-1,0.0531899
22,11,-1,-1,0.0522249
22,12,-1,-1,0.0549415
22,13,-1,-1,0.0524509
22,14,-1,-1,0.0531149
22,15,-1,-1,0.0546658
22,16,-1,-1,0.0541857
22,17,-1,-1,0.0518539
22,18,-1,-1,0.0571639
22,19,-1,-1,0.0526201
23,0,-1,-1,0.057321
23,1,-1,-1,0.0597017
23,2,-1,-1,0.056597
23,3,-1,-1,0.0582373
23,4,-1,-1,0.0555982
23,5,-1,-1,0.0576722
23,6,-1,-1,0.057117
23,7,-1,-1,0.0568144
23,8,-1,-1,0.0573333
23,9,-1,-1,0.0556723
23,10,-1,-1,0.0592631
23,11,-1,-1,0.0598487
23,12,-1,-1,0.0579228
23,13,-1,-1,0.0596858
23,14,-1,-1,0.0698202
23,15,-1,-1,0.0567289
23,16,-1,-1,0.0580409
23,17,-1,-1,0.0579481
23,18,-1,-1,0.0557102
23,19,-1,-1,0.0592521
24,0,-1,-1,0.061444
24,1,-1,-1,0.064434
24,2,-1,-1,0.061435
24,3,-1,-1,0.0614375
24,4,-1,-1,0.065069
24,5,-1,-1,0.0705073
24,6,-1,-1,0.0660415
24,7,-1,-1,0.0658207
24,8,-1,-1,0.0609495
24,9,-1,-1,0.0599187
24,10,-1,-1,0.0642678
24,11,-1,-1,0.0613721
24,12,-1,-1,0.059143
24,13,-1,-1,0.0605653
24,14,-1,-1,0.061215
24,15,-1,-1,0.0677258
24,16,-1,-1,0.0917264
24,17,-1,-1,0.0640048
24,18,-1,-1,0.0629531
24,19,-1,-1,0.0608431
25,0,-1,-1,0.0656365
25,1,-1,-1,0.0668148
25,2,-1,-1,0.0653146
25,3,-1,-1,0.0657594
25,4,-1,-1,0.0645796
25,5,-1,-1,0.064856
25,6,-1,-1,0.0646968
25,7,-1,-1,0.065228
25,8,-1,-1,0.0663426
25,9,-1,-1,0.0665145
25,10,-1,-1,0.066771
25,11,-1,-1,0.0657112
25,12,-1,-1,0.0674633
25,13,-1,-1,0.0661087
25,14,-1,-1,0.0637209
25,15,-1,-1,0.0641548
25,16,-1,-1,0.0649937
25,17,-1,-1,0.0671235
25,18,-1,-1,0.0692888
25,19,-1,-1,0.0672374
26,0,-1,-1,0.069945
26,1,-1,-1,0.0715284
26,2,-1,-1,0.0717583
26,3,-1,-1,0.071827
26,4,-1,-1,0.0718515
26,5,-1,-1,0.0716439
26,6,-1,-1,0.0707616
26,7,-1,-1,0.0714874
26,8,-1,-1,0.108329
26,9,-1,-1,0.071378
26,10,-1,-1,0.0720254
26,11,-1,-1,0.0708187
26,12,-1,-1,0.0705844
26,13,-1,-1,0.068637
26,14,-1,-1,0.0721759
26,15,-1,-1,0.0714485
26,16,-1,-1,0.0735503
26,17,-1,-1,0.0980564
26,18,-1,-1,0.0734912
26,19,-1,-1,0.069188
27,0,-1,-1,0.0713617
27,1,-1,-1,0.0723412
27,2,-1,-1,0.0743773
27,3,-1,-1,0.0758608
27,4,-1,-1,0.074552
27,5,-1,-1,0.0758933
27,6,-1,-1,0.0745363
27,7,-1,-1,0.0740437
27,8,-1,-1,0.0753428
27,9,-1,-1,0.0728778
27,10,-1,-1,0.0773815
27,11,-1,-1,0.0731008
27,12,-1,-1,0.07258
27,13,-1,-1,0.0771905
27,14,-1,-1,0.0770511
27,15,-1,-1,0.0753779
27,16,-1,-1,0.0783117
27,17,-1,-1,0.0752781
27,18,-1,-1,0.0795081
27,19,-1,-1,0.0777834
28,0,-1,-1,0.0820555
28,1,-1,-1,0.0789958
28,2,-1,-1,0.0832041
28,3,-1,-1,0.0805755
28,4,-1,-1,0.0818237
28,5,-1,-1,0.0809894
28,6,-1,-1,0.081227
28,7,-1,-1,0.08176
28,8,-1,-1,0.0811777
28,9,-1,-1,0.0798736
28,10,-1,-1,0.080159
28,11,-1,-1,0.0790127
28,12,-1,-1,0.0839356
28,13,-1,-1,0.0785309
28,14,-1,-1,0.0816038
28,15,-1,-1,0.0846631
28,16,-1,-1,0.0796895
28,17,-1,-1,0.0786908
28,18,-1,-1,0.0840291
28,19,-1,-1,0.0798566
29,0,-1,-1,0.0832468
29,1,-1,-1,0.0853604
29,2,-1,-1,0.0833641
29,3,-1,-1,0.0844945
29,4,-1,-1,0.08458
29,5,-1,-1,0.0852259
29,6,-1,-1,0.101126
29,7,-1,-1,0.0886197
29,8,-1,-1,0.0840994
29,9,-1,-1,0.0877271
29,10,-1,-1,0.0841548
29,11,-1,-1,0.0830028
29,12,-1,-1,0.0860911
29,13,-1,-1,0.0849285
29,14,-1,-1,0.0856555
29,15,-1,-1,0.086915
29,16,-1,-1,0.0881943
29,17,-1,-1,0.0861265
29,18,-1,-1,0.0860669
29,19,-1,-1,0.0866062
30,0,-1,-1,0.0905553
30,1,-1,-1,0.0920845
30,2,-1,-1,0.0921819
30,3,-1,-1,0.0935867
30,4,-1,-1,0.0923806
30,5,-1,-1,0.0909732
30,6,-1,-1,0.0899549
30,7,-1,-1,0.0948875
30,8,-1,-1,0.0901083
30,9,-1,-1,0.0900855
30,10,-1,-1,0.0910036
30,11,-1,-1,0.0911097
30,12,-1,-1,0.0993829
30,13,-1,-1,0.0886314
30,14,-1,-1,0.0932509
30,15,-1,-1,0.0913537
30,16,-1,-1,0.088187
30,17,-1,-1,0.0902898
30,18,-1,-1,0.0897088
30,19,-1,-1,0.0911829
31,0,-1,-1,0.0929474
31,1,-1,-1,0.0971605
31,2,-1,-1,0.0968786
31,3,-1,-1,0.0932594
31,4,-1,-1,0.107598
31,5,-1,-1,0.0965955
31,6,-1,-1,0.0939885
31,7,-1,-1,0.0945845
31,8,-1,-1,0.0963666
31,9,-1,-1,0.0983137
31,10,-1,-1,0.0962087
31,11,-1,-1,0.0958741
31,12,-1,-1,0.099745
31,13,-1,-1,0.0968779
31,14,-1,-1,0.0965183
31,15,-1,-1,0.0954701
31,16,-1,-1,0.0949495
31,17,-1,-1,0.0981516
31,18,-1,-1,0.0958359
31,19,-1,-1,0.0957143
32,0,-1,-1,0.102884
32,1,-1,-1,0.100171
32,2,-1,-1,0.103584
32,3,-1,-1,0.103949
32,4,-1,-1,0.124427
32,5,-1,-1,0.102205
32,6,-1,-1,0.100153
32,7,-1,-1,0.102504
32,8,-1,-1,0.100193
32,9,-1,-1,0.101797
32,10,-1,-1,0.10394
32,11,-1,-1,0.103094
32,12,-1,-1,0.104597
32,13,-1,-1,0.104254
32,14,-1,-1,0.103059
32,15,-1,-1,0.103584
32,16,-1,-1,0.103665
32,17,-1,-1,0.13345
32,18,-1,-1,0.100085
32,19,-1,-1,0.104402
33,0,-1,-1,0.104194
33,1,-1,-1,0.107732
33,2,-1,-1,0.107921
33,3,-1,-1,0.107622
33,4,-1,-1,0.103679
33,5,-1,-1,0.110018
33,6,-1,-1,0.10551
33,7,-1,-1,0.10983
33,8,-1,-1,0.112886
33,9,-1,-1,0.110977
33,10,-1,-1,0.109026
33,11,-1,-1,0.110622
33,12,-1,-1,0.106688
33,13,-1,-1,0.107761
33,14,-1,-1,0.106072
33,15,-1,-1,0.10559
33,16,-1,-1,0.10849
33,17,-1,-1,0.110977
33,18,-1,-1,0.147337
33,19,-1,-1,0.108314
34,0,-1,-1,0.114256
34,1,-1,-1,0.114351
34,2,-1,-1,0.107318
34,3,-1,-1,0.114111
34,4,-1,-1,0.117449
34,5,-1,-1,0.11345
34,6,-1,-1,0.113041
34,7,-1,-1,0.121493
34,8,-1,-1,0.117437
34,9,-1,-1,0.1138
34,10,-1,-1,0.11216
34,11,-1,-1,0.114445
34,12,-1,-1,0.114823
34,13,-1,-1,0.109868
34,14,-1,-1,0.114417
34,15,-1,-1,0.110349
34,16,-1,-1,0.115707
34,17,-1,-1,0.127947
34,18,-1,-1,0.11967
34,19,-1,-1,0.112047
35,0,-1,-1,0.124429
35,1,-1,-1,0.123693
35,2,-1,-1,0.117619
35,3,-1,-1,0.11953
35,4,-1,-1,0.118476
35,5,-1,-1,0.116673
35,6,-1,-1,0.122001
35,7,-1,-1,0.11716
35,8,-1,-1,0.119658
35,9,-1,-1,0.118198
35,10,-1,-1,0.119954
35,11,-1,-1,0.120261
35,12,-1,-1,0.118513
35,13,-1,-1,0.11641
35,14,-1,-1,0.121213
35,15,-1,-1,0.1173
35,16,-1,-1,0.124044
35,17,-1,-1,0.118158
35,18,-1,-1,0.118197
35,19,-1,-1,0.114589
36,0,-1,-1,0.133763
36,1,-1,-1,0.121654
36,2,-1,-1,0.123063
36,3,-1,-1,0.124788
36,4,-1,-1,0.124669
36,5,-1,-1,0.127283
36,6,-1,-1,0.11814
36,7,-1,-1,0.127847
36,8,-1,-1,0.123806
36,9,-1,-1,0.127768
36,10,-1,-1,0.12724
36,11,-1,-1,0.149071
36,12,-1,-1,0.126687
36,13,-1,-1,0.123932
36,14,-1,-1,0.141436
36,15,-1,-1,0.126455
36,16,-1,-1,0.124578
36,17,-1,-1,0.131219
36,18,-1,-1,0.121934
36,19,-1,-1,0.123248
37,0,-1,-1,0.133444
37,1,-1,-1,0.13012
37,2,-1,-1,0.13694
37,3,-1,-1,0.133171
37,4,-1,-1,0.127985
37,5,-1,-1,0.134007
37,6,-1,-1,0.129372
37,7,-1,-1,0.133673
37,8,-1,-1,0.134702
37,9,-1,-1,0.130678
37,10,-1,-1,0.134255
37,11,-1,-1,0.137454
37,12,-1,-1,0.125651
37,13,-1,-1,0.133202
37,14,-1,-1,0.133925
37,15,-1,-1,0.132513
37,16,-1,-1,0.130713
37,17,-1,-1,0.129672
37,18,-1,-1,0.138282
37,19,-1,-1,0.128948
38,0,-1,-1,0.138335
38,1,-1,-1,0.139348
38,2,-1,-1,0.137942
38,3,-1,-1,0.137618
38,4,-1,-1,0.140191
38,5,-1,-1,0.133839
38,6,-1,-1,0.152208
38,7,-1,-1,0.143196
38,8,-1,-1,0.136061
38,9,-1,-1,0.134134
38,10,-1,-1,0.135677
38,11,-1,-1,0.13786
38,12,-1,-1,0.136428
38,13,-1,-1,0.141496
38,14,-1,-1,0.138479
38,15,-1,-1,0.139243
38,16,-1,-1,0.138308
38,17,-1,-1,0.135137
38,18,-1,-1,0.137071
38,19,-1,-1,0.136408
39,0,-1,-1,0.145419
39,1,-1,-1,0.145513
39,2,-1,-1,0.146968
39,3,-1,-1,0.145421
39,4,-1,-1,0.150399
39,5,-1,-1,0.14303
39,6,-1,-1,0.144972
39,7,-1,-1,0.146712
39,8,-1,-1,0.144509
39,9,-1,-1,0.136092
39,10,-1,-1,0.139561
39,11,-1,-1,0.143674
39,12,-1,-1,0.148182
39,13,-1,-1,0.145997
39,14,-1,-1,0.142778
39,15,-1,-1,0.143038
39,16,-1,-1,0.150544
39,17,-1,-1,0.141568
39,18,-1,-1,0.144288
39,19,-1,-1,0.139956
40,0,-1,-1,0.156853
40,1,-1,-1,0.151985
40,2,-1,-1,0.145025
40,3,-1,-1,0.147745
40,4,-1,-1,0.15827
40,5,-1,-1,0.15336
40,6,-1,-1,0.149949
40,7,-1,-1,0.148157
40,8,-1,-1,0.150579
40,9,-1,-1,0.153387
40,10,-1,-1,0.184136
40,11,-1,-1,0.151758
40,12,-1,-1,0.153051
40,13,-1,-1,0.148501
40,14,-1,-1,0.150764
40,15,-1,-1,0.151752
40,16,-1,-1,0.150574
40,17,-1,-1,0.155361
40,18,-1,-1,0.155253
40,19,-1,-1,0.152987
41,0,-1,-1,0.16013
41,1,-1,-1,0.152194
41,2,-1,-1,0.152938
41,3,-1,-1,0.156672
41,4,-1,-1,0.166039
41,5,-1,-1,0.157561
41,6,-1,-1,0.156061
41,7,-1,-1,0.165178
41,8,-1,-1,0.15661
41,9,-1,-1,0.158541
41,10,-1,-1,0.155205
41,11,-1,-1,0.156852
41,12,-1,-1,0.158224
41,13,-1,-1,0.155459
41,14,-1,-1,0.148672
41,15,-1,-1,0.154144
41,16,-1,-1,0.155494
41,17,-1,-1,0.166235
41,18,-1,-1,0.153165
41,19,-1,-1,0.157607
42,0,-1,-1,0.161211
42,1,-1,-1,0.158585
42,2,-1,-1,0.161237
42,3,-1,-1,0.163264
42,4,-1,-1,0.163004
42,5,-1,-1,0.168122
42,6,-1,-1,0.161435
42,7,-1,-1,0.163475
42,8,-1,-1,0.166288
42,9,-1,-1,0.162727
42,10,-1,-1,0.165632
42,11,-1,-1,0.162129
42,12,-1,-1,0.159689
42,13,-1,-1,0.161581
42,14,-1,-1,0.163909
42,15,-1,-1,0.1643
42,16,-1,-1,0.163457
42,17,-1,-1,0.170429
42,18,-1,-1,0.161973
42,19,-1,-1,0.165235
43,0,-1,-1,0.171756
43,1,-1,-1,0.171711
43,2,-1,-1,0.183071
43,3,-1,-1,0.170879
43,4,-1,-1,0.173334
43,5,-1,-1,0.172818
43,6,-1,-1,0.170565
43,7,-1,-1,0.174472
43,8,-1,-1,0.168183
43,9,-1,-1,0.169621
43,10,-1,-1,0.172679
43,11,-1,-1,0.167907
43,12,-1,-1,0.168352
43,13,-1,-1,0.170646
43,14,-1,-1,0.183015
43,15,-1,-1,0.165523
43,16,-1,-1,0.166684
43,17,-1,-1,0.171404
43,18,-1,-1,0.174395
43,19,-1,-1,0.166551
44,0,-1,-1,0.176646
44,1,-1,-1,0.175419
44,2,-1,-1,0.171853
44,3,-1,-1,0.1855
44,4,-1,-1,0.181736
44,5,-1,-1,0.196174
44,6,-1,-1,0.182472
44,7,-1,-1,0.179763
44,8,-1,-1,0.17733
44,9,-1,-1,0.180208
44,10,-1,-1,0.180058
44,11,-1,-1,0.176148
44,12,-1,-1,0.174216
44,13,-1,-1,0.17229
44,14,-1,-1,0.17757
44,15,-1,-1,0.173385
44,16,-1,-1,0.181809
44,17,-1,-1,0.177826
44,18,-1,-1,0.17749
44,19,-1,-1,0.168755
45,0,-1,-1,0.182254
45,1,-1,-1,0.187318
45,2,-1,-1,0.183471
45,3,-1,-1,0.181366
45,4,-1,-1,0.185703
45,5,-1,-1,0.199452
45,6,-1,-1,0.187676
45,7,-1,-1,0.195841
45,8,-1,-1,0.18334
45,9,-1,-1,0.182362
45,10,-1,-1,0.183101
45,11,-1,-1,0.17941
45,12,-1,-1,0.182965
45,13,-1,-1,0.180245
45,14,-1,-1,0.183891
45,15,-1,-1,0.18951
45,16,-1,-1,0.189309
45,17,-1,-1,0.178936
45,18,-1,-1,0.219784
45,19,-1,-1,0.18044
46,0,-1,-1,0.194753
46,1,-1,-1,0.195999
46,2,-1,-1,0.188162
46,3,-1,-1,0.197419
46,4,-1,-1,0.198801
46,5,-1,-1,0.190147
46,6,-1,-1,0.192378
46,7,-1,-1,0.190299
46,8,-1,-1,0.206501
46,9,-1,-1,0.191268
46,10,-1,-1,0.195375
46,11,-1,-1,0.195326
46,12,-1,-1,0.198791
46,13,-1,-1,0.188891
46,14,-1,-1,0.192083
46,15,-1,-1,0.192981
46,16,-1,-1,0.189583
46,17,-1,-1,0.206191
46,18,-1,-1,0.212304
46,19,-1,-1,0.191562
47,0,-1,-1,0.202452
47,1,-1,-1,0.19871
47,2,-1,-1,0.197008
47,3,-1,-1,0.199258
47,4,-1,-1,0.199459
47,5,-1,-1,0.197312
47,6,-1,-1,0.197916
47,7,-1,-1,0.197121
47,8,-1,-1,0.205522
47,9,-1,-1,0.213232
47,10,-1,-1,0.202844
47,11,-1,-1,0.19615
47,12,-1,-1,0.198666
47,13,-1,-1,0.203054
47,14,-1,-1,0.200439
47,15,-1,-1,0.214938
47,16,-1,-1,0.190847
47,17,-1,-1,0.196694
47,18,-1,-1,0.216726
47,19,-1,-1,0.204353
48,0,-1,-1,0.208075
48,1,-1,-1,0.216285
48,2,-1,-1,0.204643
48,3,-1,-1,0.200939
48,4,-1,-1,0.203794
48,5,-1,-1,0.20498
48,6,-1,-1,0.206682
48,7,-1,-1,0.217347
48,8,-1,-1,0.197446
48,9,-1,-1,0.209472
48,10,-1,-1,0.222416
48,11,-1,-1,0.206077
48,12,-1,-1,0.207098
48,13,-1,-1,0.211631
48,14,-1,-1,0.212906
48,15,-1,-1,0.205762
48,16,-1,-1,0.211342
48,17,-1,-1,0.207723
48,18,-1,-1,0.21036
48,19,-1,-1,0.204228
49,0,-1,-1,0.21876
49,1,-1,-1,0.231993
49,2,-1,-1,0.220316
49,3,-1,-1,0.212921
49,4,-1,-1,0.230357
49,5,-1,-1,0.242452
49,6,-1,-1,0.212266
49,7,-1,-1,0.214996
49,8,-1,-1,0.216946
49,9,-1,-1,0.212216
49,10,-1,-1,0.208742
49,11,-1,-1,0.213963
49,12,-1,-1,0.215526
49,13,-1,-1,0.217666
49,14,-1,-1,0.224081
49,15,-1,-1,0.219202
49,16,-1,-1,0.208424
49,17,-1,-1,0.23209
49,18,-1,-1,0.212317
49,19,-1,-1,0.209126
50,0,-1,-1,0.218492
50,1,-1,-1,0.208411
50,2,-1,-1,0.222787
50,3,-1,-1,0.230089
50,4,-1,-1,0.223962
50,5,-1,-1,0.223075
50,6,-1,-1,0.223053
50,7,-1,-1,0.216914
50,8,-1,-1,0.221067
50,9,-1,-1,0.213162
50,10,-1,-1,0.21986
50,11,-1,-1,0.220916
50,12,-1,-1,0.234322
50,13,-1,-1,0.235737
50,14,-1,-1,0.223356
50,15,-1,-1,0.228543
50,16,-1,-1,0.219264
50,17,-1,-1,0.219944
50,18,-1,-1,0.231666
50,19,-1,-1,0.223314
51,0,-1,-1,0.233581
51,1,-1,-1,0.23468
51,2,-1,-1,0.233133
51,3,-1,-1,0.231692
51,4,-1,-1,0.229386
51,5,-1,-1,0.224929
51,6,-1,-1,0.232279
51,7,-1,-1,0.251102
51,8,-1,-1,0.226669
51,9,-1,-1,0.2271
51,10,-1,-1,0.230451
51,11,-1,-1,0.226617
51,12,-1,-1,0.236479
51,13,-1,-1,0.247175
51,14,-1,-1,0.227265
51,15,-1,-1,0.246164
51,16,-1,-1,0.237563
51,17,-1,-1,0.230466
51,18,-1,-1,0.23379
51,19,-1,-1,0.229282
52,0,-1,-1,0.24716
52,1,-1,-1,0.229853
52,2,-1,-1,0.241883
52,3,-1,-1,0.277047
52,4,-1,-1,0.235669
52,5,-1,-1,0.237483
52,6,-1,-1,0.236528
52,7,-1,-1,0.241729
52,8,-1,-1,0.241656
52,9,-1,-1,0.241045
52,10,-1,-1,0.239817
52,11,-1,-1,0.246054
52,12,-1,-1,0.240457
52,13,-1,-1,0.239314
52,14,-1,-1,0.236443
52,15,-1,-1,0.241237
52,16,-1,-1,0.230835
52,17,-1,-1,0.236641
52,18,-1,-1,0.23993
52,19,-1,-1,0.24254
53,0,-1,-1,0.23633
53,1,-1,-1,0.241884
53,2,-1,-1,0.24963
53,3,-1,-1,0.247465
53,4,-1,-1,0.24795
53,5,-1,-1,0.246017
53,6,-1,-1,0.243289
53,7,-1,-1,0.250143
53,8,-1,-1,0.243669
53,9,-1,-1,0.246893
53,10,-1,-1,0.259893
53,11,-1,-1,0.250339
53,12,-1,-1,0.243622
53,13,-1,-1,0.246513
53,14,-1,-1,0.252327
53,15,-1,-1,0.253866
53,16,-1,-1,0.246159
53,17,-1,-1,0.246927
53,18,-1,-1,0.243984
53,19,-1,-1,0.25215
54,0,-1,-1,0.255103
54,1,-1,-1,0.268318
54,2,-1,-1,0.259217
54,3,-1,-1,0.249605
54,4,-1,-1,0.256206
54,5,-1,-1,0.252413
54,6,-1,-1,0.252297
54,7,-1,-1,0.254852
54,8,-1,-1,0.257428
54,9,-1,-1,0.255962
54,10,-1,-1,0.247538
54,11,-1,-1,0.25346
54,12,-1,-1,0.255569
54,13,-1,-1,0.255647
54,14,-1,-1,0.265057
54,15,-1,-1,0.25391
54,16,-1,-1,0.253947
54,17,-1,-1,0.249239
54,18,-1,-1,0.259216
54,19,-1,-1,0.253319
55,0,-1,-1,0.263923
55,1,-1,-1,0.324279
55,2,-1,-1,0.276374
55,3,-1,-1,0.263518
55,4,-1,-1,0.258392
55,5,-1,-1,0.258982
55,6,-1,-1,0.257659
55,7,-1,-1,0.259409
55,8,-1,-1,0.27417
55,9,-1,-1,0.264654
55,10,-1,-1,0.263368
55,11,-1,-1,0.262738
55,12,-1,-1,0.263762
55,13,-1,-1,0.260731
55,14,-1,-1,0.269749
55,15,-1,-1,0.268148
55,16,-1,-1,0.261662
55,17,-1,-1,0.25791
55,18,-1,-1,0.263569
55,19,-1,-1,0.266405
56,0,-1,-1,0.277238
56,1,-1,-1,0.28608
56,2,-1,-1,0.284432
56,3,-1,-1,0.258203
56,4,-1,-1,0.269972
56,5,-1,-1,0.274503
56,6,-1,-1,0.269558
56,7,-1,-1,0.267727
56,8,-1,-1,0.271154
56,9,-1,-1,0.288741
56,10,-1,-1,0.274938
56,11,-1,-1,0.276544
56,12,-1,-1,0.274106
56,13,-1,-1,0.272946
56,14,-1,-1,0.275412
56,15,-1,-1,0.268267
56,16,-1,-1,0.282188
56,17,-1,-1,0.269228
56,18,-1,-1,0.274245
56,19,-1,-1,0.269795
57,0,-1,-1,0.2865
57,1,-1,-1,0.284907
57,2,-1,-1,0.283627
57,3,-1,-1,0.279012
57,4,-1,-1,0.272853
57,5,-1,-1,0.282158
57,6,-1,-1,0.297502
57,7,-1,-1,0.302142
57,8,-1,-1,0.279124
57,9,-1,-1,0.285589
57,10,-1,-1,0.291569
57,11,-1,-1,0.281451
57,12,-1,-1,0.286446
57,13,-1,-1,0.32135
57,14,-1,-1,0.280848
57,15,-1,-1,0.282876
57,16,-1,-1,0.281806
57,17,-1,-1,0.279945
57,18,-1,-1,0.282771
57,19,-1,-1,0.310314
58,0,-1,-1,0.287906
58,1,-1,-1,0.289587
58,2,-1,-1,0.287771
58,3,-1,-1,0.296043
58,4,-1,-1,0.284467
58,5,-1,-1,0.297658
58,6,-1,-1,0.29233
58,7,-1,-1,0.291307
58,8,-1,-1,0.289968
58,9,-1,-1,0.307472
58,10,-1,-1,0.291122
58,11,-1,-1,0.291202
58,12,-1,-1,0.292525
58,13,-1,-1,0.292144
58,14,-1,-1,0.288877
58,15,-1,-1,0.302864
58,16,-1,-1,0.293065
58,17,-1,-1,0.294643
58,18,-1,-1,0.304798
58,19,-1,-1,0.283646
59,0,-1,-1,0.298146
59,1,-1,-1,0.302588
59,2,-1,-1,0.300862
59,3,-1,-1,0.311406
59,4,-1,-1,0.296433
59,5,-1,-1,0.293792
59,6,-1,-1,0.295095
59,7,-1,-1,0.301324
59,8,-1,-1,0.301171
59,9,-1,-1,0.317601
59,10,-1,-1,0.298193
59,11,-1,-1,0.306154
59,12,-1,-1,0.311186
59,13,-1,-1,0.297901
59,14,-1,-1,0.301472
59,15,-1,-1,0.31315
59,16,-1,-1,0.289062
59,17,-1,-1,0.29436
59,18,-1,-1,0.295979
59,19,-1,-1,0.309517
60,0,-1,-1,0.309824
60,1,-1,-1,0.312934
60,2,-1,-1,0.315204
60,3,-1,-1,0.307167
60,4,-1,-1,0.302968
60,5,-1,-1,0.31382
60,6,-1,-1,0.3118
60,7,-1,-1,0.324545
60,8,-1,-1,0.311735
60,9,-1,-1,0.312632
60,10,-1,-1,0.312473
60,11,-1,-1,0.309885
60,12,-1,-1,0.310435
60,13,-1,-1,0.310874
60,14,-1,-1,0.310385
60,15,-1,-1,0.310995
60,16,-1,-1,0.312599
60,17,-1,-1,0.308471
60,18,-1,-1,0.299741
60,19,-1,-1,0.305115
61,0,-1,-1,0.316202
61,1,-1,-1,0.316962
61,2,-1,-1,0.32386
61,3,-1,-1,0.317667
61,4,-1,-1,0.313805
61,5,-1,-1,0.326874
61,6,-1,-1,0.315553
61,7,-1,-1,0.332954
61,8,-1,-1,0.320385
61,9,-1,-1,0.316699
61,10,-1,-1,0.313397
61,11,-1,-1,0.32187
61,12,-1,-1,0.327573
61,13,-1,-1,0.319805
61,14,-1,-1,0.332064
61,15,-1,-1,0.3189
61,16,-1,-1,0.333499
61,17,-1,-1,0.330756
61,18,-1,-1,0.322601
61,19,-1,-1,0.31115
62,0,-1,-1,0.328063
62,1,-1,-1,0.322271
62,2,-1,-1,0.338052
62,3,-1,-1,0.327758
62,4,-1,-1,0.336785
62,5,-1,-1,0.333502
62,6,-1,-1,0.331428
62,7,-1,-1,0.368699
62,8,-1,-1,0.328594
62,9,-1,-1,0.33448
62,10,-1,-1,0.33102
62,11,-1,-1,0.325788
62,12,-1,-1,0.331181
62,13,-1,-1,0.325933
62,14,-1,-1,0.327951
62,15,-1,-1,0.325171
62,16,-1,-1,0.329032
62,17,-1,-1,0.330209
62,18,-1,-1,0.329984
62,19,-1,-1,0.337724
63,0,-1,-1,0.348636
63,1,-1,-1,0.343839
63,2,-1,-1,0.345734
63,3,-1,-1,0.334401
63,4,-1,-1,0.333167
63,5,-1,-1,0.359153
63,6,-1,-1,0.337602
63,7,-1,-1,0.341618
63,8,-1,-1,0.345743
63,9,-1,-1,0.349561
63,10,-1,-1,0.338453
63,11,-1,-1,0.327889
63,12,-1,-1,0.345392
63,13,-1,-1,0.339187
63,14,-1,-1,0.341427
63,15,-1,-1,0.35181
63,16,-1,-1,0.340279
63,17,-1,-1,0.334463
63,18,-1,-1,0.335992
63,19,-1,-1,0.33588
64,0,-1,-1,0.34638
64,1,-1,-1,0.34643
64,2,-1,-1,0.340044
64,3,-1,-1,0.341972
64,4,-1,-1,0.342433
64,5,-1,-1,0.342227
64,6,-1,-1,0.356105
64,7,-1,-1,0.350967
64,8,-1,-1,0.342474
64,9,-1,-1,0.353374
64,10,-1,-1,0.34083
64,11,-1,-1,0.359561
64,12,-1,-1,0.350814
64,13,-1,-1,0.351979
64,14,-1,-1,0.346839
64,15,-1,-1,0.33722
64,16,-1,-1,0.352997
64,17,-1,-1,0.35328
64,18,-1,-1,0.351771
64,19,-1,-1,0.344421
65,0,-1,-1,0.352889
65,1,-1,-1,0.35425
65,2,-1,-1,0.389057
65,3,-1,-1,0.362354
65,4,-1,-1,0.35876
65,5,-1,-1,0.363752
65,6,-1,-1,0.357506
65,7,-1,-1,0.358801
65,8,-1,-1,0.358348
65,9,-1,-1,0.3631
65,10,-1,-1,0.363228
65,11,-1,-1,0.362449
65,12,-1,-1,0.359082
65,13,-1,-1,0.350219
65,14,-1,-1,0.360555
65,15,-1,-1,0.360857
65,16,-1,-1,0.359018
65,17,-1,-1,0.355155
65,18,-1,-1,0.352669
65,19,-1,-1,0.355772
66,0,-1,-1,0.369269
66,1,-1,-1,0.367106
66,2,-1,-1,0.369677
66,3,-1,-1,0.364066
66,4,-1,-1,0.382099
66,5,-1,-1,0.376798
66,6,-1,-1,0.362798
66,7,-1,-1,0.379665
66,8,-1,-1,0.376345
66,9,-1,-1,0.366178
66,10,-1,-1,0.361328
66,11,-1,-1,0.368733
66,12,-1,-1,0.36464
66,13,-1,-1,0.363187
66,14,-1,-1,0.366703
66,15,-1,-1,0.365338
66,16,-1,-1,0.376753
66,17,-1,-1,0.371022
66,18,-1,-1,0.362084
66,19,-1,-1,0.361296
67,0,-1,-1,0.397962
67,1,-1,-1,0.381577
67,2,-1,-1,0.363603
67,3,-1,-1,0.377648
67,4,-1,-1,0.392529
67,5,-1,-1,0.379427
67,6,-1,-1,0.380081
67,7,-1,-1,0.380062
67,8,-1,-1,0.379432
67,9,-1,-1,0.383632
67,10,-1,-1,0.387815
67,11,-1,-1,0.367589
67,12,-1,-1,0.385772
67,13,-1,-1,0.371726
67,14,-1,-1,0.37422
67,15,-1,-1,0.38114
67,16,-1,-1,0.381583
67,17,-1,-1,0.364318
67,18,-1,-1,0.371464
67,19,-1,-1,0.375583
68,0,-1,-1,0.395502
68,1,-1,-1,0.391053
68,2,-1,-1,0.390453
68,3,-1,-1,0.389798
68,4,-1,-1,0.386995
68,5,-1,-1,0.387982
68,6,-1,-1,0.380563
68,7,-1,-1,0.385101
68,8,-1,-1,0.39869
68,9,-1,-1,0.388055
68,10,-1,-1,0.391444
68,11,-1,-1,0.386763
68,12,-1,-1,0.419265
68,13,-1,-1,0.385043
68,14,-1,-1,0.374985
68,15,-1,-1,0.390535
68,16,-1,-1,0.383166
68,17,-1,-1,0.387481
68,18,-1,-1,0.381144
68,19,-1,-1,0.395138
69,0,-1,-1,0.426621
69,1,-1,-1,0.406556
69,2,-1,-1,0.398589
69,3,-1,-1,0.382944
69,4,-1,-1,0.411917
69,5,-1,-1,0.400399
69,6,-1,-1,0.405116
69,7,-1,-1,0.396682
69,8,-1,-1,0.446473
69,9,-1,-1,0.412101
69,10,-1,-1,0.402993
69,11,-1,-1,0.400464
69,12,-1,-1,0.40662
69,13,-1,-1,0.401406
69,14,-1,-1,0.396889
69,15,-1,-1,0.388712
69,16,-1,-1,0.407803
69,17,-1,-1,0.394794
69,18,-1,-1,0.402347
69,19,-1,-1,0.399894
70,0,-1,-1,0.418283
70,1,-1,-1,0.421791
70,2,-1,-1,0.415581
70,3,-1,-1,0.396579
70,4,-1,-1,0.413565
70,5,-1,-1,0.398472
70,6,-1,-1,0.416973
70,7,-1,-1,0.410661
70,8,-1,-1,0.433273
70,9,-1,-1,0.404443
70,10,-1,-1,0.409307
70,11,-1,-1,0.412701
70,12,-1,-1,0.420445
70,13,-1,-1,0.406964
70,14,-1,-1,0.408478
70,15,-1,-1,0.402969
70,16,-1,-1,0.440688
70,17,-1,-1,0.419512
70,18,-1,-1,0.422572
70,19,-1,-1,0.42894
71,0,-1,-1,0.412832
71,1,-1,-1,0.408032
71,2,-1,-1,0.419207
71,3,-1,-1,0.420322
71,4,-1,-1,0.416141
71,5,-1,-1,0.411596
71,6,-1,-1,0.430234
71,7,-1,-1,0.415681
71,8,-1,-1,0.429367
71,9,-1,-1,0.422308
71,10,-1,-1,0.422337
71,11,-1,-1,0.404189
71,12,-1,-1,0.427529
71,13,-1,-1,0.429903
71,14,-1,-1,0.425759
71,15,-1,-1,0.415934
71,16,-1,-1,0.426709
71,17,-1,-1,0.42014
71,18,-1,-1,0.415055
71,19,-1,-1,0.414268
72,0,-1,-1,0.436423
72,1,-1,-1,0.439491
72,2,-1,-1,0.435351
72,3,-1,-1,0.431193
72,4,-1,-1,0.466358
72,5,-1,-1,0.429219
72,6,-1,-1,0.427548
72,7,-1,-1,0.427229
72,8,-1,-1,0.460807
72,9,-1,-1,0.431657
72,10,-1,-1,0.423635
72,11,-1,-1,0.445174
72,12,-1,-1,0.44605
72,13,-1,-1,0.426632
72,14,-1,-1,0.43545
72,15,-1,-1,0.438345
72,16,-1,-1,0.42941
72,17,-1,-1,0.438319
72,18,-1,-1,0.426053
72,19,-1,-1,0.425369
73,0,-1,-1,0.458286
73,1,-1,-1,0.438637
73,2,-1,-1,0.441982
73,3,-1,-1,0.454098
73,4,-1,-1,0.438493
73,5,-1,-1,0.447418
73,6,-1,-1,0.438679
73,7,-1,-1,0.456335
73,8,-1,-1,0.453173
73,9,-1,-1,0.452143
73,10,-1,-1,0.445577
73,11,-1,-1,0.444766
73,12,-1,-1,0.444489
73,13,-1,-1,0.443921
73,14,-1,-1,0.435495
73,15,-1,-1,0.460831
73,16,-1,-1,0.436373
73,17,-1,-1,0.442289
73,18,-1,-1,0.459663
73,19,-1,-1,0.453052
74,0,-1,-1,0.453338
74,1,-1,-1,0.455615
74,2,-1,-1,0.462242
74,3,-1,-1,0.456612
74,4,-1,-1,0.460884
74,5,-1,-1,0.452618
74,6,-1,-1,0.457251
74,7,-1,-1,0.455561
74,8,-1,-1,0.446971
74,9,-1,-1,0.449666
74,10,-1,-1,0.45719
74,11,-1,-1,0.46026
74,12,-1,-1,0.461763
74,13,-1,-1,0.464899
74,14,-1,-1,0.446916
74,15,-1,-1,0.439689
74,16,-1,-1,0.463716
74,17,-1,-1,0.45446
74,18,-1,-1,0.446183
74,19,-1,-1,0.463733
75,0,-1,-1,0.47486
75,1,-1,-1,0.456509
75,2,-1,-1,0.482782
75,3,-1,-1,0.463238
75,4,-1,-1,0.465569
75,5,-1,-1,0.471869
75,6,-1,-1,0.463286
75,7,-1,-1,0.47329
75,8,-1,-1,0.493423
75,9,-1,-1,0.461231
75,10,-1,-1,0.466149
75,11,-1,-1,0.464919
75,12,-1,-1,0.467302
75,13,-1,-1,0.477408
75,14,-1,-1,0.467859
75,15,-1,-1,0.465671
75,16,-1,-1,0.461475
75,17,-1,-1,0.469953
75,18,-1,-1,0.473913
75,19,-1,-1,0.466975
76,0,-1,-1,0.489566
76,1,-1,-1,0.475868
76,2,-1,-1,0.475689
76,3,-1,-1,0.475409
76,4,-1,-1,0.477711
76,5,-1,-1,0.468151
76,6,-1,-1,0.472191
76,7,-1,-1,0.483196
76,8,-1,-1,0.475444
76,9,-1,-1,0.491314
76,10,-1,-1,0.482626
76,11,-1,-1,0.467904
76,12,-1,-1,0.515403
76,13,-1,-1,0.483473
76,14,-1,-1,0.476141
76,15,-1,-1,0.479883
76,16,-1,-1,0.474354
76,17,-1,-1,0.486465
76,18,-1,-1,0.486697
76,19,-1,-1,0.468704
77,0,-1,-1,0.504335
77,1,-1,-1,0.502039
77,2,-1,-1,0.498932
77,3,-1,-1,0.486685
77,4,-1,-1,0.51772
77,5,-1,-1,0.502301
77,6,-1,-1,0.4959
77,7,-1,-1,0.52107
77,8,-1,-1,0.495009
77,9,-1,-1,0.506541
77,10,-1,-1,0.479396
77,11,-1,-1,0.493697
77,12,-1,-1,0.490463
77,13,-1,-1,0.499312
77,14,-1,-1,0.488072
77,15,-1,-1,0.480736
77,16,-1,-1,0.50062
77,17,-1,-1,0.493323
77,18,-1,-1,0.484916
77,19,-1,-1,0.491138
78,0,-1,-1,0.502794
78,1,-1,-1,0.49357
78,2,-1,-1,0.511217
78,3,-1,-1,0.488415
78,4,-1,-1,0.498204
78,5,-1,-1,0.507149
78,6,-1,-1,0.513017
78,7,-1,-1,0.493427
78,8,-1,-1,0.502838
78,9,-1,-1,0.496404
78,10,-1,-1,0.500701
78,11,-1,-1,0.510617
78,12,-1,-1,0.493296
78,13,-1,-1,0.505539
78,14,-1,-1,0.507386
78,15,-1,-1,0.507776
78,16,-1,-1,0.493574
78,17,-1,-1,0.507091
78,18,-1,-1,0.491363
78,19,-1,-1,0.507084
79,0,-1,-1,0.524778
79,1,-1,-1,0.525611
79,2,-1,-1,0.516086
79,3,-1,-1,0.520513
79,4,-1,-1,0.516619
79,5,-1,-1,0.522658
79,6,-1,-1,0.515914
79,7,-1,-1,0.505473
79,8,-1,-1,0.509613
79,9,-1,-1,0.518432
79,10,-1,-1,0.525805
79,11,-1,-1,0.51097
79,12,-1,-1,0.516034
79,13,-1,-1,0.505971
79,14,-1,-1,0.505677
79,15,-1,-1,0.514456
79,16,-1,-1,0.517567
79,17,-1,-1,0.506483
79,18,-1,-1,0.522288
79,19,-1,-1,0.511981
80,0,-1,-1,0.527896
80,1,-1,-1,0.533434
80,2,-1,-1,0.531404
80,3,-1,-1,0.516758
80,4,-1,-1,0.545385
80,5,-1,-1,0.537307
80,6,-1,-1,0.527385
80,7,-1,-1,0.526278
80,8,-1,-1,0.526955
80,9,-1,-1,0.520026
80,10,-1,-1,0.521324
80,11,-1,-1,0.521615
80,12,-1,-1,0.541303
80,13,-1,-1,0.528158
80,14,-1,-1,0.513382
80,15,-1,-1,0.535733
80,16,-1,-1,0.535048
80,17,-1,-1,0.524018
80,18,-1,-1,0.521412
80,19,-1,-1,0.536842
81,0,-1,-1,0.537356
81,1,-1,-1,0.537386
81,2,-1,-1,0.533081
81,3,-1,-1,0.528528
81,4,-1,-1,0.525235
81,5,-1,-1,0.54117
81,6,-1,-1,0.533593
81,7,-1,-1,0.559601
81,8,-1,-1,0.542029
81,9,-1,-1,0.529784
81,10,-1,-1,0.547609
81,11,-1,-1,0.543732
81,12,-1,-1,0.525497
81,13,-1,-1,0.529843
81,14,-1,-1,0.529787
81,15,-1,-1,0.534819
81,16,-1,-1,0.532154
81,17,-1,-1,0.545213
81,18,-1,-1,0.556457
81,19,-1,-1,0.545842
82,0,-1,-1,0.557354
82,1,-1,-1,0.54845
82,2,-1,-1,0.565685
82,3,-1,-1,0.548294
82,4,-1,-1,0.537331
82,5,-1,-1,0.553057
82,6,-1,-1,0.57328
82,7,-1,-1,0.558047
82,8,-1,-1,0.545603
82,9,-1,-1,0.559079
82,10,-1,-1,0.557658
82,11,-1,-1,0.562299
82,12,-1,-1,0.559924
82,13,-1,-1,0.544046
82,14,-1,-1,0.559843
82,15,-1,-1,0.560691
82,16,-1,-1,0.538931
82,17,-1,-1,0.547893
82,18,-1,-1,0.539991
82,19,-1,-1,0.556686
83,0,-1,-1,0.568652
83,1,-1,-1,0.575477
83,2,-1,-1,0.555999
83,3,-1,-1,0.557955
83,4,-1,-1,0.562624
83,5,-1,-1,0.561199
83,6,-1,-1,0.572494
83,7,-1,-1,0.564102
83,8,-1,-1,0.570947
83,9,-1,-1,0.57099
83,10,-1,-1,0.568777
83,11,-1,-1,0.554147
83,12,-1,-1,0.563566
83,13,-1,-1,0.557408
83,14,-1,-1,0.554361
83,15,-1,-1,0.577254
83,16,-1,-1,0.550717
83,17,-1,-1,0.565787
83,18,-1,-1,0.566095
83,19,-1,-1,0.580198
84,0,-1,-1,0.575353
84,1,-1,-1,0.581191
84,2,-1,-1,0.578781
84,3,-1,-1,0.617987
84,4,-1,-1,0.564446
84,5,-1,-1,0.574241
84,6,-1,-1,0.597358
84,7,-1,-1,0.589485
84,8,-1,-1,0.569081
84,9,-1,-1,0.582595
84,10,-1,-1,0.575991
84,11,-1,-1,0.59335
84,12,-1,-1,0.584044
84,13,-1,-1,0.576673
84,14,-1,-1,0.578654
84,15,-1,-1,0.579789
84,16,-1,-1,0.583188
84,17,-1,-1,0.587677
84,18,-1,-1,0.576701
84,19,-1,-1,0.577491
85,0,-1,-1,0.605571
85,1,-1,-1,0.598943
85,2,-1,-1,0.585693
85,3,-1,-1,0.596382
85,4,-1,-1,0.590954
85,5,-1,-1,0.598181
85,6,-1,-1,0.587109
85,7,-1,-1,0.585159
85,8,-1,-1,0.586267
85,9,-1,-1,0.57602
85,10,-1,-1,0.587218
85,11,-1,-1,0.596879
85,12,-1,-1,0.590405
85,13,-1,-1,0.604238
85,14,-1,-1,0.580972
85,15,-1,-1,0.58675
85,16,-1,-1,0.59058
85,17,-1,-1,0.585679
85,18,-1,-1,0.591314
85,19,-1,-1,0.587405
86,0,-1,-1,0.606439
86,1,-1,-1,0.647458
86,2,-1,-1,0.594013
86,3,-1,-1,0.619129
86,4,-1,-1,0.606559
86,5,-1,-1,0.640119
86,6,-1,-1,0.612768
86,7,-1,-1,0.599083
86,8,-1,-1,0.618049
86,9,-1,-1,0.623604
86,10,-1,-1,0.604764
86,11,-1,-1,0.609244
86,12,-1,-1,0.617718
86,13,-1,-1,0.594644
86,14,-1,-1,0.608888
86,15,-1,-1,0.598299
86,16,-1,-1,0.607986
86,17,-1,-1,0.604884
86,18,-1,-1,0.604962
86,19,-1,-1,0.60284
87,0,-1,-1,0.618761
87,1,-1,-1,0.637969
87,2,-1,-1,0.616259
87,3,-1,-1,0.64547
87,4,-1,-1,0.625154
87,5,-1,-1,0.639354
87,6,-1,-1,0.632096
87,7,-1,-1,0.64443
87,8,-1,-1,0.626734
87,9,-1,-1,0.601972
87,10,-1,-1,0.609441
87,11,-1,-1,0.613037
87,12,-1,-1,0.606317
87,13,-1,-1,0.619517
87,14,-1,-1,0.61316
87,15,-1,-1,0.620194
87,16,-1,-1,0.609725
87,17,-1,-1,0.625124
87,18,-1,-1,0.634198
87,19,-1,-1,0.622144
88,0,-1,-1,0.652516
88,1,-1,-1,0.639347
88,2,-1,-1,0.632997
88,3,-1,-1,0.636925
88,4,-1,-1,0.652667
88,5,-1,-1,0.640395
88,6,-1,-1,0.628981
88,7,-1,-1,0.627473
88,8,-1,-1,0.621733
88,9,-1,-1,0.662885
88,10,-1,-1,0.629607
88,11,-1,-1,0.637324
88,12,-1,-1,0.624374
88,13,-1,-1,0.631446
88,14,-1,-1,0.625802
88,15,-1,-1,0.630118
88,16,-1,-1,0.624915
88,17,-1,-1,0.634146
88,18,-1,-1,0.639099
88,19,-1,-1,0.635514
89,0,-1,-1,0.644616
89,1,-1,-1,0.679479
89,2,-1,-1,0.638705
89,3,-1,-1,0.661409
89,4,-1,-1,0.64256
89,5,-1,-1,0.638483
89,6,-1,-1,0.642258
89,7,-1,-1,0.659333
89,8,-1,-1,0.649584
89,9,-1,-1,0.641623
89,10,-1,-1,0.645813
89,11,-1,-1,0.666599
89,12,-1,-1,0.653331
89,13,-1,-1,0.656312
89,14,-1,-1,0.639838
89,15,-1,-1,0.654702
89,16,-1,-1,0.647048
89,17,-1,-1,0.644148
89,18,-1,-1,0.634776
89,19,-1,-1,0.637113
90,0,-1,-1,0.663781
90,1,-1,-1,0.65435
90,2,-1,-1,0.659175
90,3,-1,-1,0.675738
90,4,-1,-1,0.661385
90,5,-1,-1,0.654375
90,6,-1,-1,0.668777
90,7,-1,-1,0.655653
90,8,-1,-1,0.669434
90,9,-1,-1,0.671571
90,10,-1,-1,0.648894
90,11,-1,-1,0.651291
90,12,-1,-1,0.657513
90,13,-1,-1,0.656386
90,14,-1,-1,0.657521
90,15,-1,-1,0.652775
90,16,-1,-1,0.657912
90,17,-1,-1,0.668292
90,18,-1,-1,0.65405
90,19,-1,-1,0.656564
91,0,-1,-1,0.672251
91,1,-1,-1,0.680055
91,2,-1,-1,0.663242
91,3,-1,-1,0.660317
91,4,-1,-1,0.676183
91,5,-1,-1,0.668807
91,6,-1,-1,0.684697
91,7,-1,-1,0.673559
91,8,-1,-1,0.661659
91,9,-1,-1,0.686772
91,10,-1,-1,0.657699
91,11,-1,-1,0.677074
91,12,-1,-1,0.670593
91,13,-1,-1,0.70169
91,14,-1,-1,0.682
91,15,-1,-1,0.678675
91,16,-1,-1,0.671108
91,17,-1,-1,0.659435
91,18,-1,-1,0.64633
91,19,-1,-1,0.716455
92,0,-1,-1,0.679643
92,1,-1,-1,0.675829
92,2,-1,-1,0.685724
92,3,-1,-1,0.727103
92,4,-1,-1,0.694632
92,5,-1,-1,0.70967
92,6,-1,-1,0.697489
92,7,-1,-1,0.694162
92,8,-1,-1,0.712031
92,9,-1,-1,0.695994
92,10,-1,-1,0.684461
92,11,-1,-1,0.691497
92,12,-1,-1,0.68617
92,13,-1,-1,0.710258
92,14,-1,-1,0.698377
92,15,-1,-1,0.690053
92,16,-1,-1,0.675635
92,17,-1,-1,0.69894
92,18,-1,-1,0.682868
92,19,-1,-1,0.698652
93,0,-1,-1,0.708431
93,1,-1,-1,0.706109
93,2,-1,-1,0.690626
93,3,-1,-1,0.70357
93,4,-1,-1,0.691489
93,5,-1,-1,0.704443
93,6,-1,-1,0.707842
93,7,-1,-1,0.703426
93,8,-1,-1,0.699633
93,9,-1,-1,0.705801
93,10,-1,-1,0.692586
93,11,-1,-1,0.72377
93,12,-1,-1,0.69746
93,13,-1,-1,0.719579
93,14,-1,-1,0.694346
93,15,-1,-1,0.714491
93,16,-1,-1,0.701533
93,17,-1,-1,0.714704
93,18,-1,-1,0.711568
93,19,-1,-1,0.705139
94,0,-1,-1,0.70918
94,1,-1,-1,0.715474
94,2,-1,-1,0.727229
94,3,-1,-1,0.756936
94,4,-1,-1,0.715218
94,5,-1,-1,0.73905
94,6,-1,-1,0.715553
94,7,-1,-1,0.739912
94,8,-1,-1,0.73767
94,9,-1,-1,0.712283
94,10,-1,-1,0.723108
94,11,-1,-1,0.718239
94,12,-1,-1,0.700699
94,13,-1,-1,0.717057
94,14,-1,-1,0.721499
94,15,-1,-1,0.698135
94,16,-1,-1,0.709219
94,17,-1,-1,0.729054
94,18,-1,-1,0.722118
94,19,-1,-1,0.712143
95,0,-1,-1,0.735936
95,1,-1,-1,0.734882
95,2,-1,-1,0.734485
95,3,-1,-1,0.741973
95,4,-1,-1,0.744304
95,5,-1,-1,0.7316
95,6,-1,-1,0.730336
95,7,-1,-1,0.720154
95,8,-1,-1,0.741018
95,9,-1,-1,0.73865
95,10,-1,-1,0.732425
95,11,-1,-1,0.748214
95,12,-1,-1,0.724952
95,13,-1,-1,0.73692
95,14,-1,-1,0.720962
95,15,-1,-1,0.739616
95,16,-1,-1,0.725607
95,17,-1,-1,0.722071
95,18,-1,-1,0.720091
95,19,-1,-1,0.747519
96,0,-1,-1,0.753116
96,1,-1,-1,0.769108
96,2,-1,-1,0.763794
96,3,-1,-1,0.764439
96,4,-1,-1,0.753028
96,5,-1,-1,0.785092
96,6,-1,-1,0.732494
96,7,-1,-1,0.758349
96,8,-1,-1,0.734717
96,9,-1,-1,0.752614
96,10,-1,-1,0.740892
96,11,-1,-1,0.776307
96,12,-1,-1,0.749548
96,13,-1,-1,0.744168
96,14,-1,-1,0.734964
96,15,-1,-1,0.749757
96,16,-1,-1,0.7406
96,17,-1,-1,0.73695
96,18,-1,-1,0.734416
96,19,-1,-1,0.764645
97,0,-1,-1,0.754375
97,1,-1,-1,0.748986
97,2,-1,-1,0.74198
97,3,-1,-1,0.771883
97,4,-1,-1,0.758426
97,5,-1,-1,0.774156
97,6,-1,-1,0.7469
97,7,-1,-1,0.78332
97,8,-1,-1,0.746666
97,9,-1,-1,0.784092
97,10,-1,-1,0.754709
97,11,-1,-1,0.789916
97,12,-1,-1,0.751692
97,13,-1,-1,0.77293
97,14,-1,-1,0.762053
97,15,-1,-1,0.768898
97,16,-1,-1,0.763054
97,17,-1,-1,0.761087
97,18,-1,-1,0.77471
97,19,-1,-1,0.755811
98,0,-1,-1,0.78641
98,1,-1,-1,0.776359
98,2,-1,-1,0.774997
98,3,-1,-1,0.79187
98,4,-1,-1,0.760913
98,5,-1,-1,0.783757
98,6,-1,-1,0.769276
98,7,-1,-1,0.790135
98,8,-1,-1,0.771907
98,9,-1,-1,0.792752
98,10,-1,-1,0.788701
98,11,-1,-1,0.784356
98,12,-1,-1,0.789406
98,13,-1,-1,0.776446
98,14,-1,-1,0.76922
98,15,-1,-1,0.795775
98,16,-1,-1,0.769453
98,17,-1,-1,0.778798
98,18,-1,-1,0.780098
98,19,-1,-1,0.781471
99,0,-1,-1,0.789474
99,1,-1,-1,0.802697
99,2,-1,-1,0.791688
99,3,-1,-1,0.784445
99,4,-1,-1,0.773836
99,5,-1,-1,0.784
99,6,-1,-1,0.786166
99,7,-1,-1,0.815492
99,8,-1,-1,0.791084
99,9,-1,-1,0.789236
99,10,-1,-1,0.795413
99,11,-1,-1,0.799845
99,12,-1,-1,0.776166
99,13,-1,-1,0.804771
99,14,-1,-1,0.783163
99,15,-1,-1,0.786137
99,16,-1,-1,0.775713
99,17,-1,-1,0.792806
99,18,-1,-1,0.79273
99,19,-1,-1,0.815622
100,0,-1,-1,0.80217
100,1,-1,-1,0.828072
100,2,-1,-1,0.82184
100,3,-1,-1,0.811713
100,4,-1,-1,0.807463
100,5,-1,-1,0.813257
100,6,-1,-1,0.817587
100,7,-1,-1,0.828391
100,8,-1,-1,0.809043
100,9,-1,-1,0.821105
100,10,-1,-1,0.822555
100,11,-1,-1,0.794113
100,12,-1,-1,0.787178
100,13,-1,-1,0.817628
100,14,-1,-1,0.804371
100,15,-1,-1,0.810354
100,16,-1,-1,0.792763
100,17,-1,-1,0.812866
100,18,-1,-1,0.810798
100,19,-1,-1,0.796275
101,0,-1,-1,0.820796
101,1,-1,-1,0.826971
101,2,-1,-1,0.82246
101,3,-1,-1,0.81549
101,4,-1,-1,0.817338
101,5,-1,-1,0.8213
101,6,-1,-1,0.809083
101,7,-1,-1,0.822826
101,8,-1,-1,0.817406
101,9,-1,-1,0.824428
101,10,-1,-1,0.813607
101,11,-1,-1,0.821919
101,12,-1,-1,0.82717
101,13,-1,-1,0.839935
101,14,-1,-1,0.818778
101,15,-1,-1,0.831348
101,16,-1,-1,0.812401
101,17,-1,-1,0.829514
101,18,-1,-1,0.812343
101,19,-1,-1,0.835456
102,0,-1,-1,0.850261
102,1,-1,-1,0.843009
102,2,-1,-1,0.84565
102,3,-1,-1,0.840099
102,4,-1,-1,0.839529
102,5,-1,-1,0.8531
102,6,-1,-1,0.857125
102,7,-1,-1,0.844976
102,8,-1,-1,0.834945
102,9,-1,-1,0.863415
102,10,-1,-1,0.844293
102,11,-1,-1,0.857658
102,12,-1,-1,0.85301
102,13,-1,-1,0.845914
102,14,-1,-1,0.842825
102,15,-1,-1,0.85509
102,16,-1,-1,0.844556
102,17,-1,-1,0.846249
102,18,-1,-1,0.830321
102,19,-1,-1,0.852896
103,0,-1,-1,0.853826
103,1,-1,-1,0.891939
103,2,-1,-1,0.856044
103,3,-1,-1,0.881696
103,4,-1,-1,0.846366
103,5,-1,-1,0.854402
103,6,-1,-1,0.840026
103,7,-1,-1,0.849167
103,8,-1,-1,0.836568
103,9,-1,-1,0.875406
103,10,-1,-1,0.838011
103,11,-1,-1,0.851197
103,12,-1,-1,0.85144
103,13,-1,-1,0.862195
103,14,-1,-1,0.847478
103,15,-1,-1,0.850823
103,16,-1,-1,0.859061
103,17,-1,-1,0.877662
103,18,-1,-1,0.84008
103,19,-1,-1,0.854353
104,0,-1,-1,0.878137
104,1,-1,-1,0.861338
104,2,-1,-1,0.862414
104,3,-1,-1,0.879564
104,4,-1,-1,0.871454
104,5,-1,-1,0.862541
104,6,-1,-1,0.863784
104,7,-1,-1,0.877596
104,8,-1,-1,0.876583
104,9,-1,-1,0.858041
104,10,-1,-1,0.859687
104,11,-1,-1,0.88157
104,12,-1,-1,0.861911
104,13,-1,-1,0.863662
104,14,-1,-1,0.876321
104,15,-1,-1,0.866033
104,16,-1,-1,0.864458
104,17,-1,-1,0.864332
104,18,-1,-1,0.89088
104,19,-1,-1,0.86207
105,0,-1,-1,0.898981
105,1,-1,-1,0.902717
105,2,-1,-1,0.889799
105,3,-1,-1,0.904685
105,4,-1,-1,0.873327
105,5,-1,-1,0.917288
105,6,-1,-1,0.884791
105,7,-1,-1,0.912104
105,8,-1,-1,0.874068
105,9,-1,-1,0.922617
105,10,-1,-1,0.897734
105,11,-1,-1,0.912026
105,12,-1,-1,0.896138
105,13,-1,-1,0.900157
105,14,-1,-1,0.890192
105,15,-1,-1,0.917032
105,16,-1,-1,0.876516
105,17,-1,-1,0.879826
105,18,-1,-1,0.881964
105,19,-1,-1,0.877073
106,0,-1,-1,0.922285
106,1,-1,-1,0.908849
106,2,-1,-1,0.899752
106,3,-1,-1,0.919613
106,4,-1,-1,0.902074
106,5,-1,-1,0.899652
106,6,-1,-1,0.896767
106,7,-1,-1,0.902105
106,8,-1,-1,0.910559
106,9,-1,-1,0.928594
106,10,-1,-1,0.902645
106,11,-1,-1,0.925687
106,12,-1,-1,0.891484
106,13,-1,-1,0.930969
106,14,-1,-1,0.913469
106,15,-1,-1,0.896063
106,16,-1,-1,0.900714
106,17,-1,-1,0.885463
106,18,-1,-1,0.914403
106,19,-1,-1,0.905409
107,0,-1,-1,0.891893
107,1,-1,-1,0.901891
107,2,-1,-1,0.914704
107,3,-1,-1,0.927457
107,4,-1,-1,0.910454
107,5,-1,-1,0.925606
107,6,-1,-1,0.909122
107,7,-1,-1,0.95303
107,8,-1,-1,0.924545
107,9,-1,-1,0.932446
107,10,-1,-1,0.895037
107,11,-1,-1,0.94092
107,12,-1,-1,0.926024
107,13,-1,-1,0.919588
107,14,-1,-1,0.926888
107,15,-1,-1,0.942215
107,16,-1,-1,0.925531
107,17,-1,-1,0.925287
107,18,-1,-1,0.935901
107,19,-1,-1,0.92649
108,0,-1,-1,0.92195
108,1,-1,-1,0.941021
108,2,-1,-1,0.926243
108,3,-1,-1,0.931813
108,4,-1,-1,0.929633
108,5,-1,-1,0.937917
108,6,-1,-1,0.939126
108,7,-1,-1,0.943216
108,8,-1,-1,0.932203
108,9,-1,-1,0.957271
108,10,-1,-1,0.937542
108,11,-1,-1,0.970172
108,12,-1,-1,0.971839
108,13,-1,-1,0.919901
108,14,-1,-1,0.92191
108,15,-1,-1,0.96991
108,16,-1,-1,0.955272
108,17,-1,-1,0.930304
108,18,-1,-1,0.913773
108,19,-1,-1,0.921022
109,0,-1,-1,0.961927
109,1,-1,-1,0.951051
109,2,-1,-1,0.977313
109,3,-1,-1,0.971349
109,4,-1,-1,0.977235
109,5,-1,-1,0.949421
109,6,-1,-1,0.973266
109,7,-1,-1,0.973293
109,8,-1,-1,0.969152
109,9,-1,-1,0.960572
109,10,-1,-1,0.945833
109,11,-1,-1,0.946477
109,12,-1,-1,0.959626
109,13,-1,-1,0.979882
109,14,-1,-1,0.981957
109,15,-1,-1,0.934403
109,16,-1,-1,0.948774
109,17,-1,-1,0.979615
109,18,-1,-1,0.951522
109,19,-1,-1,0.950728
110,0,-1,-1,0.974473
110,1,-1,-1,0.97482
110,2,-1,-1,0.974208
110,3,-1,-1,0.984513
110,4,-1,-1,1.0005
110,5,-1,-1,0.978923
110,6,-1,-1,0.990459
110,7,-1,-1,0.979395
110,8,-1,-1,0.986302
110,9,-1,-1,0.982853
110,10,-1,-1,0.986214
110,11,-1,-1,0.973524
110,12,-1,-1,0.964437
110,13,-1,-1,0.966039
110,14,-1,-1,0.99764
110,15,-1,-1,0.962933
110,16,-1,-1,0.994193
110,17,-1,-1,1.01375
110,18,-1,-1,0.952927
110,19,-1,-1,0.990838
111,0,-1,-1,1.00178
111,1,-1,-1,1.00551
111,2,-1,-1,1.00004
111,3,-1,-1,1.02697
111,4,-1,-1,0.991199
111,5,-1,-1,1.00672
111,6,-1,-1,0.990359
111,7,-1,-1,1.00109
111,8,-1,-1,0.982079
111,9,-1,-1,1.00258
111,10,-1,-1,0.989839
111,11,-1,-1,0.99763
111,12,-1,-1,0.98082
111,13,-1,-1,0.993435
111,14,-1,-1,0.987579
111,15,-1,-1,1.02459
111,16,-1,-1,0.995399
111,17,-1,-1,0.97743
111,18,-1,-1,1.02252
111,19,-1,-1,0.987481
112,0,-1,-1,1.03437
112,1,-1,-1,1.03842
112,2,-1,-1,0.991502
112,3,-1,-1,1.00992
112,4,-1,-1,1.03954
112,5,-1,-1,0.989234
112,6,-1,-1,1.01555
112,7,-1,-1,0.99641
112,8,-1,-1,0.992626
112,9,-1,-1,1.01191
112,10,-1,-1,0.987434
112,11,-1,-1,1.01607
112,12,-1,-1,1.00625
112,13,-1,-1,1.02958
112,14,-1,-1,1.01338
112,15,-1,-1,1.02784
112,16,-1,-1,0.999105
112,17,-1,-1,0.999456
112,18,-1,-1,1.01548
112,19,-1,-1,1.01836
113,0,-1,-1,1.05221
113,1,-1,-1,1.02278
113,2,-1,-1,1.02822
113,3,-1,-1,1.03252
113,4,-1,-1,1.00656
113,5,-1,-1,1.04833
113,6,-1,-1,1.02813
113,7,-1,-1,1.0197
113,8,-1,-1,1.05508
113,9,-1,-1,1.01871
113,10,-1,-1,1.0132
113,11,-1,-1,1.03123
113,12,-1,-1,1.05104
113,13,-1,-1,1.01893
113,14,-1,-1,1.0484
113,15,-1,-1,1.02798
113,16,-1,-1,1.0371
113,17,-1,-1,1.01956
113,18,-1,-1,1.0206
113,19,-1,-1,1.03569
114,0,-1,-1,1.04588
114,1,-1,-1,1.0448
114,2,-1,-1,1.06289
114,3,-1,-1,1.05321
114,4,-1,-1,1.05557
114,5,-1,-1,1.04025
114,6,-1,-1,1.05407
114,7,-1,-1,1.04342
114,8,-1,-1,1.03416
114,9,-1,-1,1.0524
114,10,-1,-1,1.03641
114,11,-1,-1,1.02877
114,12,-1,-1,1.0564
114,13,-1,-1,1.05285
114,14,-1,-1,1.06605
114,15,-1,-1,1.03981
114,16,-1,-1,1.03743
114,17,-1,-1,1.05067
114,18,-1,-1,1.03722
114,19,-1,-1,1.04347
115,0,-1,-1,1.05885
115,1,-1,-1,1.05515
115,2,-1,-1,1.0615
115,3,-1,-1,1.04755
115,4,-1,-1,1.08037
115,5,-1,-1,1.06667
115,6,-1,-1,1.08739
115,7,-1,-1,1.07098
115,8,-1,-1,1.07809
115,9,-1,-1,1.07869
115,10,-1,-1,1.06878
115,11,-1,-1,1.05459
115,12,-1,-1,1.09608
115,13,-1,-1,1.06346
115,14,-1,-1,1.06819
115,15,-1,-1,1.09936
115,16,-1,-1,1.08476
115,17,-1,-1,1.05897
115,18,-1,-1,1.07335
115,19,-1,-1,1.06683
116,0,-1,-1,1.08945
116,1,-1,-1,1.08833
116,2,-1,-1,1.06813
116,3,-1,-1,1.08006
116,4,-1,-1,1.07403
116,5,-1,-1,1.06839
116,6,-1,-1,1.0912
116,7,-1,-1,1.10092
116,8,-1,-1,1.07819
116,9,-1,-1,1.07492
116,10,-1,-1,1.05998
116,11,-1,-1,1.06276
116,12,-1,-1,1.08726
116,13,-1,-1,1.06246
116,14,-1,-1,1.09757
116,15,-1,-1,1.09677
116,16,-1,-1,1.06913
116,17,-1,-1,1.09001
116,18,-1,-1,1.09393
116,19,-1,-1,1.06702
117,0,-1,-1,1.1105
117,1,-1,-1,1.09726
117,2,-1,-1,1.07743
117,3,-1,-1,1.09451
117,4,-1,-1,1.09538
117,5,-1,-1,1.08376
117,6,-1,-1,1.0865
117,7,-1,-1,1.11409
117,8,-1,-1,1.11114
117,9,-1,-1,1.11092
117,10,-1,-1,1.09166
117,11,-1,-1,1.10582
117,12,-1,-1,1.10184
117,13,-1,-1,1.10683
117,14,-1,-1,1.10915
117,15,-1,-1,1.11853
117,16,-1,-1,1.10574
117,17,-1,-1,1.13123
117,18,-1,-1,1.11962
117,19,-1,-1,1.09216
118,0,-1,-1,1.15008
118,1,-1,-1,1.12675
118,2,-1,-1,1.08519
118,3,-1,-1,1.13229
118,4,-1,-1,1.10597
118,5,-1,-1,1.12194
118,6,-1,-1,1.11063
118,7,-1,-1,1.11335
118,8,-1,-1,1.12931
118,9,-1,-1,1.11248
118,10,-1,-1,1.12531
118,11,-1,-1,1.10487
118,12,-1,-1,1.12016
118,13,-1,-1,1.10676
118,14,-1,-1,1.12114
118,15,-1,-1,1.12528
118,16,-1,-1,1.11706
118,17,-1,-1,1.12686
118,18,-1,-1,1.11684
118,19,-1,-1,1.12223
119,0,-1,-1,1.13673
119,1,-1,-1,1.14013
119,2,-1,-1,1.12451
119,3,-1,-1,1.14735
119,4,-1,-1,1.14383
119,5,-1,-1,1.12681
119,6,-1,-1,1.14437
119,7,-1,-1,1.15427
119,8,-1,-1,1.14431
119,9,-1,-1,1.13383
119,10,-1,-1,1.16048
119,11,-1,-1,1.14212
119,12,-1,-1,1.1643
119,13,-1,-1,1.15862
119,14,-1,-1,1.12854
119,15,-1,-1,1.17196
119,16,-1,-1,1.14755
119,17,-1,-1,1.13804
119,18,-1,-1,1.13604
119,19,-1,-1,1.14191
120,0,-1,-1,1.18789
120,1,-1,-1,1.19221
120,2,-1,-1,1.14269
120,3,-1,-1,1.17007
120,4,-1,-1,1.14206
120,5,-1,-1,1.14896
120,6,-1,-1,1.16611
120,7,-1,-1,1.16086
120,8,-1,-1,1.16225
120,9,-1,-1,1.14173
120,10,-1,-1,1.18353
120,11,-1,-1,1.16206
120,12,-1,-1,1.15012
120,13,-1,-1,1.12974
120,14,-1,-1,1.15151
120,15,-1,-1,1.13012
120,16,-1,-1,1.16353
120,17,-1,-1,1.16234
120,18,-1,-1,1.14337
120,19,-1,-1,1.17783
121,0,-1,-1,1.14125
121,1,-1,-1,1.16804
121,2,-1,-1,1.17764
121,3,-1,-1,1.1734
121,4,-1,-1,1.17471
121,5,-1,-1,1.18863
121,6,-1,-1,1.18718
121,7,-1,-1,1.2105
121,8,-1,-1,1.18771
121,9,-1,-1,1.19057
121,10,-1,-1,1.17431
121,11,-1,-1,1.17305
121,12,-1,-1,1.15874
121,13,-1,-1,1.1585
121,14,-1,-1,1.19262
121,15,-1,-1,1.16367
121,16,-1,-1,1.17267
121,17,-1,-1,1.15069
121,18,-1,-1,1.17495
121,19,-1,-1,1.1883
122,0,-1,-1,1.20456
122,1,-1,-1,1.18527
122,2,-1,-1,1.21011
122,3,-1,-1,1.18992
122,4,-1,-1,1.21974
122,5,-1,-1,1.23017
122,6,-1,-1,1.21069
122,7,-1,-1,1.18306
122,8,-1,-1,1.19932
122,9,-1,-1,1.23529
122,10,-1,-1,1.21504
122,11,-1,-1,1.20902
122,12,-1,-1,1.23546
122,13,-1,-1,1.24191
122,14,-1,-1,1.19405
122,15,-1,-1,1.18468
122,16,-1,-1,1.20497
122,17,-1,-1,1.19285
122,18,-1,-1,1.19222
122,19,-1,-1,1.21162
123,0,-1,-1,1.22633
123,1,-1,-1,1.21486
123,2,-1,-1,1.27795
123,3,-1,-1,1.22419
123,4,-1,-1,1.22712
123,5,-1,-1,1.24038
123,6,-1,-1,1.2123
123,7,-1,-1,1.23476
123,8,-1,-1,1.22521
123,9,-1,-1,1.22831
123,10,-1,-1,1.22216
123,11,-1,-1,1.25088
123,12,-1,-1,1.23035
123,13,-1,-1,1.23964
123,14,-1,-1,1.22744
123,15,-1,-1,1.22184
123,16,-1,-1,1.24026
123,17,-1,-1,1.20862
123,18,-1,-1,1.22836
123,19,-1,-1,1.20967
124,0,-1,-1,1.27123
124,1,-1,-1,1.23109
124,2,-1,-1,1.23741
124,3,-1,-1,1.26872
124,4,-1,-1,1.23869
124,5,-1,-1,1.2593
124,6,-1,-1,1.27309
124,7,-1,-1,1.23746
124,8,-1,-1,1.24825
124,9,-1,-1,1.25073
124,10,-1,-1,1.26044
124,11,-1,-1,1.22994
124,12,-1,-1,1.23999
124,13,-1,-1,1.2516
124,14,-1,-1,1.24067
124,15,-1,-1,1.23115
124,16,-1,-1,1.26351
124,17,-1,-1,1.22693
124,18,-1,-1,1.26454
124,19,-1,-1,1.26917
125,0,-1,-1,1.29128
125,1,-1,-1,1.29817
125,2,-1,-1,1.28633
125,3,-1,-1,1.306
125,4,-1,-1,1.2661
125,5,-1,-1,1.25754
125,6,-1,-1,1.24031
125,7,-1,-1,1.23163
125,8,-1,-1,1.29729
125,9,-1,-1,1.26474
125,10,-1,-1,1.2712
125,11,-1,-1,1.29761
125,12,-1,-1,1.26296
125,13,-1,-1,1.27843
125,14,-1,-1,1.25049
125,15,-1,-1,1.27212
125,16,-1,-1,1.28141
125,17,-1,-1,1.27125
125,18,-1,-1,1.25191
125,19,-1,-1,1.24567
126,0,-1,-1,1.26449
126,1,-1,-1,1.26274
126,2,-1,-1,1.2598
126,3,-1,-1,1.27021
126,4,-1,-1,1.27932
126,5,-1,-1,1.2995
126,6,-1,-1,1.28328
126,7,-1,-1,1.25052
126,8,-1,-1,1.28679
126,9,-1,-1,1.27873
126,10,-1,-1,1.29876
126,11,-1,-1,1.26892
126,12,-1,-1,1.25679
126,13,-1,-1,1.24837
126,14,-1,-1,1.26895
126,15,-1,-1,1.24763
126,16,-1,-1,1.30861
126,17,-1,-1,1.30172
126,18,-1,-1,1.28155
126,19,-1,-1,1.27973
127,0,-1,-1,1.30321
127,1,-1,-1,1.30725
127,2,-1,-1,1.29706
127,3,-1,-1,1.29332
127,4,-1,-1,1.27065
127,5,-1,-1,1.27273
127,6,-1,-1,1.30093
127,7,-1,-1,1.29251
127,8,-1,-1,1.31066
127,9,-1,-1,1.30385
127,10,-1,-1,1.31136
127,11,-1,-1,1.31567
127,12,-1,-1,1.2877
127,13,-1,-1,1.2848
127,14,-1,-1,1.33489
127,15,-1,-1,1.29304
127,16,-1,-1,1.3055
127,17,-1,-1,1.27993
127,18,-1,-1,1.30712
127,19,-1,-1,1.30201
128,0,-1,-1,1.3134
128,1,-1,-1,1.30603
128,2,-1,-1,1.30853
128,3,-1,-1,1.29441
128,4,-1,-1,1.32609
128,5,-1,-1,1.31985
128,6,-1,-1,1.293
128,7,-1,-1,1.31679
128,8,-1,-1,1.30414
128,9,-1,-1,1.29765
128,10,-1,-1,1.26673
128,11,-1,-1,1.34504
128,12,-1,-1,1.32372
128,13,-1,-1,1.30744
128,14,-1,-1,1.31918
128,15,-1,-1,1.34244
128,16,-1,-1,1.32774
128,17,-1,-1,1.3301
128,18,-1,-1,1.29715
128,19,-1,-1,1.31199
129,0,-1,-1,1.32959
129,1,-1,-1,1.30916
129,2,-1,-1,1.36568
129,3,-1,-1,1.34081
129,4,-1,-1,1.34383
129,5,-1,-1,1.30379
129,6,-1,-1,1.34493
129,7,-1,-1,1.34495
129,8,-1,-1,1.34233
129,9,-1,-1,1.34852
129,10,-1,-1,1.33419
129,11,-1,-1,1.34203
129,12,-1,-1,1.33517
129,13,-1,-1,1.31947
129,14,-1,-1,1.3299
129,15,-1,-1,1.32662
129,16,-1,-1,1.32407
129,17,-1,-1,1.28996
129,18,-1,-1,1.32551
129,19,-1,-1,1.33352
130,0,-1,-1,1.38747
130,1,-1,-1,1.32486
130,2,-1,-1,1.37206
130,3,-1,-1,1.36491
130,4,-1,-1,1.36318
130,5,-1,-1,1.36161
130,6,-1,-1,1.34449
130,7,-1,-1,1.33986
130,8,-1,-1,1.35397
130,9,-1,-1,1.34388
130,10,-1,-1,1.33572
130,11,-1,-1,1.33385
130,12,-1,-1,1.35158
130,13,-1,-1,1.32255
130,14,-1,-1,1.386
130,15,-1,-1,1.37026
130,16,-1,-1,1.39874
130,17,-1,-1,1.36847
130,18,-1,-1,1.34156
130,19,-1,-1,1.35276
131,0,-1,-1,1.37326
131,1,-1,-1,1.36159
131,2,-1,-1,1.36451
131,3,-1,-1,1.38523
131,4,-1,-1,1.37448
131,5,-1,-1,1.36179
131,6,-1,-1,1.36848
131,7,-1,-1,1.38377
131,8,-1,-1,1.36138
131,9,-1,-1,1.36998
131,10,-1,-1,1.39003
131,11,-1,-1,1.34892
131,12,-1,-1,1.39172
131,13,-1,-1,1.35953
131,14,-1,-1,1.36104
131,15,-1,-1,1.37182
131,16,-1,-1,1.38669
131,17,-1,-1,1.37621
131,18,-1,-1,1.3768
131,19,-1,-1,1.38813
132,0,-1,-1,1.40083
132,1,-1,-1,1.40334
132,2,-1,-1,1.40275
132,3,-1,-1,1.39164
132,4,-1,-1,1.38657
132,5,-1,-1,1.41512
132,6,-1,-1,1.38993
132,7,-1,-1,1.41088
132,8,-1,-1,1.38928
132,9,-1,-1,1.39327
132,10,-1,-1,1.39916
132,11,-1,-1,1.40413
132,12,-1,-1,1.40101
132,13,-1,-1,1.40274
132,14,-1,-1,1.38266
132,15,-1,-1,1.39084
132,16,-1,-1,1.41153
132,17,-1,-1,1.39111
132,18,-1,-1,1.39423
132,19,-1,-1,1.44117
133,0,-1,-1,1.40688
133,1,-1,-1,1.44617
133,2,-1,-1,1.43361
133,3,-1,-1,1.41245
133,4,-1,-1,1.41921
133,5,-1,-1,1.43302
133,6,-1,-1,1.41524
133,7,-1,-1,1.3754
133,8,-1,-1,1.41307
133,9,-1,-1,1.38778
133,10,-1,-1,1.42267
133,11,-1,-1,1.41615
133,12,-1,-1,1.43123
133,13,-1,-1,1.42111
133,14,-1,-1,1.40705
133,15,-1,-1,1.4266
133,16,-1,-1,1.43311
133,17,-1,-1,1.4105
133,18,-1,-1,1.39349
133,19,-1,-1,1.42424
134,0,-1,-1,1.41416
134,1,-1,-1,1.42506
134,2,-1,-1,1.41668
134,3,-1,-1,1.42306
134,4,-1,-1,1.43888
134,5,-1,-1,1.4311
134,6,-1,-1,1.44908
134,7,-1,-1,1.42593
134,8,-1,-1,1.43098
134,9,-1,-1,1.43272
134,10,-1,-1,1.44536
134,11,-1,-1,1.4284
134,12,-1,-1,1.44608
134,13,-1,-1,1.41924
134,14,-1,-1,1.42237
134,15,-1,-1,1.42849
134,16,-1,-1,1.42609
134,17,-1,-1,1.42243
134,18,-1,-1,1.46284
134,19,-1,-1,1.45806
135,0,-1,-1,1.4509
135,1,-1,-1,1.4477
135,2,-1,-1,1.46453
135,3,-1,-1,1.4712
135,4,-1,-1,1.47975
135,5,-1,-1,1.46424
135,6,-1,-1,1.45514
135,7,-1,-1,1.43774
135,8,-1,-1,1.43878
135,9,-1,-1,1.46966
135,10,-1,-1,1.48458
135,11,-1,-1,1.42982
135,12,-1,-1,1.43322
135,13,-1,-1,1.44347
135,14,-1,-1,1.47687
135,15,-1,-1,1.45898
135,16,-1,-1,1.47626
135,17,-1,-1,1.47901
135,18,-1,-1,1.46252
135,19,-1,-1,1.44994
136,0,-1,-1,1.46802
136,1,-1,-1,1.47842
136,2,-1,-1,1.48035
136,3,-1,-1,1.45495
136,4,-1,-1,1.44592
136,5,-1,-1,1.46358
136,6,-1,-1,1.49859
136,7,-1,-1,1.47708
136,8,-1,-1,1.47013
136,9,-1,-1,1.45352
136,10,-1,-1,1.46914
136,11,-1,-1,1.46069
136,12,-1,-1,1.48532
136,13,-1,-1,1.47327
136,14,-1,-1,1.46835
136,15,-1,-1,1.46501
136,16,-1,-1,1.47927
136,17,-1,-1,1.47733
136,18,-1,-1,1.46943
136,19,-1,-1,1.47535
137,0,-1,-1,1.48617
137,1,-1,-1,1.49882
137,2,-1,-1,1.51037
137,3,-1,-1,1.48215
137,4,-1,-1,1.50329
137,5,-1,-1,1.51214
137,6,-1,-1,1.49522
137,7,-1,-1,1.51252
137,8,-1,-1,1.50145
137,9,-1,-1,1.50557
137,10,-1,-1,1.51141
137,11,-1,-1,1.50836
137,12,-1,-1,1.46693
137,13,-1,-1,1.48813
137,14,-1,-1,1.5162
137,15,-1,-1,1.49669
137,16,-1,-1,1.5262
137,17,-1,-1,1.50103
137,18,-1,-1,1.46104
137,19,-1,-1,1.51449
138,0,-1,-1,1.53894
138,1,-1,-1,1.5274
138,2,-1,-1,1.51682
138,3,-1,-1,1.52893
138,4,-1,-1,1.5222
138,5,-1,-1,1.52418
138,6,-1,-1,1.51964
138,7,-1,-1,1.5434
138,8,-1,-1,1.51145
138,9,-1,-1,1.53407
138,10,-1,-1,1.54432
138,11,-1,-1,1.53067
138,12,-1,-1,1.55821
138,13,-1,-1,1.53084
138,14,-1,-1,1.54439
138,15,-1,-1,1.50983
138,16,-1,-1,1.54181
138,17,-1,-1,1.52246
138,18,-1,-1,1.50773
138,19,-1,-1,1.52607
139,0,-1,-1,1.55328
139,1,-1,-1,1.5453
139,2,-1,-1,1.55116
139,3,-1,-1,1.55334
139,4,-1,-1,1.56166
139,5,-1,-1,1.51914
139,6,-1,-1,1.51803
139,7,-1,-1,1.56794
139,8,-1,-1,1.55694
139,9,-1,-1,1.57884
139,10,-1,-1,1.53646
139,11,-1,-1,1.54062
139,12,-1,-1,1.51163
139,13,-1,-1,1.52656
139,14,-1,-1,1.54753
139,15,-1,-1,1.54433
139,16,-1,-1,1.54795
139,17,-1,-1,1.53677
139,18,-1,-1,1.56152
139,19,-1,-1,1.53791
140,0,-1,-1,1.58285
140,1,-1,-1,1.55724
140,2,-1,-1,1.54541
140,3,-1,-1,1.53439
140,4,-1,-1,1.53671
140,5,-1,-1,1.57154
140,6,-1,-1,1.55612
140,7,-1,-1,1.52256
140,8,-1,-1,1.55033
140,9,-1,-1,1.5693
140,10,-1,-1,1.578
140,11,-1,-1,1.55314
140,12,-1,-1,1.55067
140,13,-1,-1,1.53167
140,14,-1,-1,1.55923
140,15,-1,-1,1.57539
140,16,-1,-1,1.5768
140,17,-1,-1,1.55901
140,18,-1,-1,1.57076
140,19,-1,-1,1.54319
141,0,-1,-1,1.58174
141,1,-1,-1,1.56797
141,2,-1,-1,1.57946
141,3,-1,-1,1.5753
141,4,-1,-1,1.59634
141,5,-1,-1,1.57706
141,6,-1,-1,1.56469
141,7,-1,-1,1.58539
141,8,-1,-1,1.5734
141,9,-1,-1,1.55191
141,10,-1,-1,1.61926
141,11,-1,-1,1.59005
141,12,-1,-1,1.60595
141,13,-1,-1,1.5895
141,14,-1,-1,1.59311
141,15,-1,-1,1.53974
141,16,-1,-1,1.5707
141,17,-1,-1,1.59424
141,18,-1,-1,1.58899
141,19,-1,-1,1.56484
142,0,-1,-1,1.59053
142,1,-1,-1,1.6229
142,2,-1,-1,1.58964
142,3,-1,-1,1.63103
142,4,-1,-1,1.61732
142,5,-1,-1,1.6479
142,6,-1,-1,1.58673
142,7,-1,-1,1.60469
142,8,-1,-1,1.6333
142,9,-1,-1,1.60154
142,10,-1,-1,1.60798
142,11,-1,-1,1.60916
142,12,-1,-1,1.5709
142,13,-1,-1,1.61772
142,14,-1,-1,1.59772
142,15,-1,-1,1.61735
142,16,-1,-1,1.60826
142,17,-1,-1,1.60756
142,18,-1,-1,1.58146
142,19,-1,-1,1.63884
143,0,-1,-1,1.61704
143,1,-1,-1,1.6492
143,2,-1,-1,1.63674
143,3,-1,-1,1.61596
143,4,-1,-1,1.63018
143,5,-1,-1,1.62928
143,6,-1,-1,1.61628
143,7,-1,-1,1.63246
143,8,-1,-1,1.64883
143,9,-1,-1,1.66243
143,10,-1,-1,1.62555
143,11,-1,-1,1.63303
143,12,-1,-1,1.65551
143,13,-1,-1,1.63763
143,14,-1,-1,1.62036
143,15,-1,-1,1.64009
143,16,-1,-1,1.64425
143,17,-1,-1,1.66523
143,18,-1,-1,1.64653
143,19,-1,-1,1.62688
144,0,-1,-1,1.64265
144,1,-1,-1,1.64512
144,2,-1,-1,1.65875
144,3,-1,-1,1.65744
144,4,-1,-1,1.66568
144,5,-1,-1,1.67013
144,6,-1,-1,1.65937
144,7,-1,-1,1.67224
144,8,-1,-1,1.68499
144,9,-1,-1,1.67585
144,10,-1,-1,1.6785
144,11,-1,-1,1.64899
144,12,-1,-1,1.67943
144,13,-1,-1,1.66836
144,14,-1,-1,1.67018
144,15,-1,-1,1.62268
144,16,-1,-1,1.64322
144,17,-1,-1,1.66308
144,18,-1,-1,1.65136
144,19,-1,-1,1.66586
145,0,-1,-1,1.686
145,1,-1,-1,1.68275
145,2,-1,-1,1.68475
145,3,-1,-1,1.65297
145,4,-1,-1,1.64278
145,5,-1,-1,1.68853
145,6,-1,-1,1.68423
145,7,-1,-1,1.66775
145,8,-1,-1,1.68079
145,9,-1,-1,1.72699
145,10,-1,-1,1.68763
145,11,-1,-1,1.66906
145,12,-1,-1,1.66107
145,13,-1,-1,1.67454
145,14,-1,-1,1.67187
145,15,-1,-1,1.6713
145,16,-1,-1,1.67608
145,17,-1,-1,1.67076
145,18,-1,-1,1.67761
145,19,-1,-1,1.67116
146,0,-1,-1,1.70247
146,1,-1,-1,1.63846
146,2,-1,-1,1.68122
146,3,-1,-1,1.66727
146,4,-1,-1,1.65491
146,5,-1,-1,1.67769
146,6,-1,-1,1.68922
146,7,-1,-1,1.70376
146,8,-1,-1,1.72066
146,9,-1,-1,1.69921
146,10,-1,-1,1.68559
146,11,-1,-1,1.71796
146,12,-1,-1,1.69239
146,13,-1,-1,1.74925
146,14,-1,-1,1.70698
146,15,-1,-1,1.68959
146,16,-1,-1,1.67233
146,17,-1,-1,1.71466
146,18,-1,-1,1.69383
146,19,-1,-1,1.67956
147,0,-1,-1,1.73898
147,1,-1,-1,1.73395
147,2,-1,-1,1.74129
147,3,-1,-1,1.70482
147,4,-1,-1,1.73322
147,5,-1,-1,1.72811
147,6,-1,-1,1.70461
147,7,-1,-1,1.7037
147,8,-1,-1,1.75707
147,9,-1,-1,1.73022
147,10,-1,-1,1.7489
147,11,-1,-1,1.75601
147,12,-1,-1,1.72696
147,13,-1,-1,1.72911
147,14,-1,-1,1.73607
147,15,-1,-1,1.7354
147,16,-1,-1,1.74147
147,17,-1,-1,1.72839
147,18,-1,-1,1.7261
147,19,-1,-1,1.73639
148,0,-1,-1,1.73917
148,1,-1,-1,1.76778
148,2,-1,-1,1.75725
148,3,-1,-1,1.7304
148,4,-1,-1,1.73434
148,5,-1,-1,1.74126
148,6,-1,-1,1.74951
148,7,-1,-1,1.73063
148,8,-1,-1,1.76729
148,9,-1,-1,1.74421
148,10,-1,-1,1.73267
148,11,-1,-1,1.73799
148,12,-1,-1,1.72946
148,13,-1,-1,1.7346
148,14,-1,-1,1.76412
148,15,-1,-1,1.74772
148,16,-1,-1,1.72322
148,17,-1,-1,1.71388
148,18,-1,-1,1.7295
148,19,-1,-1,1.71879
149,0,-1,-1,1.8213
149,1,-1,-1,1.7497
149,2,-1,-1,1.81014
149,3,-1,-1,1.81368
149,4,-1,-1,1.78576
149,5,-1,-1,1.77233
149,6,-1,-1,1.79896
149,7,-1,-1,1.80506
149,8,-1,-1,1.79293
149,9,-1,-1,1.74792
149,10,-1,-1,1.78347
149,11,-1,-1,1.76766
149,12,-1,-1,1.78415
149,13,-1,-1,1.77161
149,14,-1,-1,1.79195
149,15,-1,-1,1.76128
149,16,-1,-1,1.79118
149,17,-1,-1,1.79691
149,18,-1,-1,1.7977
149,19,-1,-1,1.73458
150,0,-1,-1,1.81397
150,1,-1,-1,1.77431
150,2,-1,-1,1.80555
150,3,-1,-1,1.773
150,4,-1,-1,1.78073
150,5,-1,-1,1.80676
150,6,-1,-1,1.81614
150,7,-1,-1,1.74925
150,8,-1,-1,1.77833
150,9,-1,-1,1.77524
150,10,-1,-1,1.76454
150,11,-1,-1,1.80019
150,12,-1,-1,1.78242
150,13,-1,-1,1.78898
150,14,-1,-1,1.78674
150,15,-1,-1,1.80532
150,16,-1,-1,1.78392
150,17,-1,-1,1.77195
150,18,-1,-1,1.76435
150,19,-1,-1,1.83974
151,0,-1,-1,1.8163
151,1,-1,-1,1.81748
151,2,-1,-1,1.85225
151,3,-1,-1,1.81787
151,4,-1,-1,1.804
151,5,-1,-1,1.8013
151,6,-1,-1,1.78663
151,7,-1,-1,1.79433
151,8,-1,-1,1.82271
151,9,-1,-1,1.84475
151,10,-1,-1,1.83149
151,11,-1,-1,1.82769
151,12,-1,-1,1.79879
151,13,-1,-1,1.83565
151,14,-1,-1,1.81042
151,15,-1,-1,1.85582
151,16,-1,-1,1.84344
151,17,-1,-1,1.84073
151,18,-1,-1,1.80526
151,19,-1,-1,1.83378
152,0,-1,-1,1.854
152,1,-1,-1,1.85584
152,2,-1,-1,1.87752
152,3,-1,-1,1.82052
152,4,-1,-1,1.85966
152,5,-1,-1,1.85205
152,6,-1,-1,1.83558
152,7,-1,-1,1.87773
152,8,-1,-1,1.8201
152,9,-1,-1,1.81549
152,10,-1,-1,1.84593
152,11,-1,-1,1.83928
152,12,-1,-1,1.8828
152,13,-1,-1,1.84357
152,14,-1,-1,1.85391
152,15,-1,-1,1.8052
152,16,-1,-1,1.8822
152,17,-1,-1,1.86412
152,18,-1,-1,1.86297
152,19,-1,-1,1.85634
153,0,-1,-1,1.87995
153,1,-1,-1,1.86061
153,2,-1,-1,1.85804
153,3,-1,-1,1.8391
153,4,-1,-1,1.87426
153,5,-1,-1,1.87355
153,6,-1,-1,1.87717
153,7,-1,-1,1.85583
153,8,-1,-1,1.86735
153,9,-1,-1,1.87654
153,10,-1,-1,1.8333
153,11,-1,-1,1.84288
153,12,-1,-1,1.85406
153,13,-1,-1,1.88206
153,14,-1,-1,1.85261
153,15,-1,-1,1.85915
153,16,-1,-1,1.85703
153,17,-1,-1,1.90163
153,18,-1,-1,1.86734
153,19,-1,-1,1.83322
154,0,-1,-1,1.91704
154,1,-1,-1,1.95446
154,2,-1,-1,1.91455
154,3,-1,-1,1.86523
154,4,-1,-1,1.92596
154,5,-1,-1,1.87712
154,6,-1,-1,1.86867
154,7,-1,-1,1.85846
154,8,-1,-1,1.88253
154,9,-1,-1,1.91591
154,10,-1,-1,1.86802
154,11,-1,-1,1.89403
154,12,-1,-1,1.87847
154,13,-1,-1,1.88178
154,14,-1,-1,1.8933
154,15,-1,-1,1.89176
154,16,-1,-1,1.90582
154,17,-1,-1,1.87788
154,18,-1,-1,1.87714
154,19,-1,-1,1.91487
155,0,-1,-1,1.94148
155,1,-1,-1,1.90846
155,2,-1,-1,1.90451
155,3,-1,-1,1.88843
155,4,-1,-1,1.91099
155,5,-1,-1,1.89203
155,6,-1,-1,1.89019
155,7,-1,-1,1.91275
155,8,-1,-1,1.93486
155,9,-1,-1,1.90158
155,10,-1,-1,1.89916
155,11,-1,-1,1.93026
155,12,-1,-1,1.92
155,13,-1,-1,1.91525
155,14,-1,-1,1.9594
155,15,-1,-1,1.91323
155,16,-1,-1,1.91271
155,17,-1,-1,1.92188
155,18,-1,-1,1.92836
155,19,-1,-1,1.92659
156,0,-1,-1,1.94777
156,1,-1,-1,1.90694
156,2,-1,-1,1.97359
156,3,-1,-1,1.9244
156,4,-1,-1,1.93253
156,5,-1,-1,1.93756
156,6,-1,-1,1.91581
156,7,-1,-1,1.91597
156,8,-1,-1,1.99314
156,9,-1,-1,1.95316
156,10,-1,-1,1.92699
156,11,-1,-1,1.94931
156,12,-1,-1,1.96316
156,13,-1,-1,1.95169
156,14,-1,-1,1.90762
156,15,-1,-1,1.88817
156,16,-1,-1,1.92999
156,17,-1,-1,1.90217
156,18,-1,-1,1.93887
156,19,-1,-1,1.91876
157,0,-1,-1,1.9739
157,1,-1,-1,1.96679
157,2,-1,-1,1.97971
157,3,-1,-1,1.93874
157,4,-1,-1,1.96447
157,5,-1,-1,1.91211
157,6,-1,-1,1.97314
157,7,-1,-1,1.94753
157,8,-1,-1,1.94827
157,9,-1,-1,1.93245
157,10,-1,-1,1.94433
157,11,-1,-1,1.94927
157,12,-1,-1,1.95706
157,13,-1,-1,1.94451
157,14,-1,-1,1.94585
157,15,-1,-1,1.94927
157,16,-1,-1,2.0188
157,17,-1,-1,1.99542
157,18,-1,-1,2.00597
157,19,-1,-1,1.93154
158,0,-1,-1,2.00642
158,1,-1,-1,1.99738
158,2,-1,-1,1.97831
158,3,-1,-1,1.99635
158,4,-1,-1,1.98997
158,5,-1,-1,2.00185
158,6,-1,-1,1.97828
158,7,-1,-1,1.98129
158,8,-1,-1,2.03204
158,9,-1,-1,2.00261
158,10,-1,-1,2.0078
158,11,-1,-1,1.99265
158,12,-1,-1,2.01267
158,13,-1,-1,2.01544
158,14,-1,-1,1.99499
158,15,-1,-1,1.96512
158,16,-1,-1,2.01857
158,17,-1,-1,1.99298
158,18,-1,-1,1.99476
158,19,-1,-1,2.02951
159,0,-1,-1,2.00624
159,1,-1,-1,2.03913
159,2,-1,-1,1.98947
159,3,-1,-1,2.01115
159,4,-1,-1,2.02662
159,5,-1,-1,2.02357
159,6,-1,-1,2.03955
159,7,-1,-1,1.99057
159,8,-1,-1,2.03405
159,9,-1,-1,2.00243
159,10,-1,-1,2.02393
159,11,-1,-1,2.02293
159,12,-1,-1,2.02248
159,13,-1,-1,2.02083
159,14,-1,-1,2.0163
159,15,-1,-1,2.01229
159,16,-1,-1,2.01311
159,17,-1,-1,2.01136
159,18,-1,-1,2.02525
159,19,-1,-1,2.02641
160,0,-1,-1,2.05927
160,1,-1,-1,2.05518
160,2,-1,-1,2.06586
160,3,-1,-1,2.04848
160,4,-1,-1,2.04011
160,5,-1,-1,2.03378
160,6,-1,-1,2.04444
160,7,-1,-1,2.02869
160,8,-1,-1,2.05663
160,9,-1,-1,2.0545
160,10,-1,-1,2.04904
160,11,-1,-1,2.05992
160,12,-1,-1,2.05342
160,13,-1,-1,2.045
160,14,-1,-1,2.02677
160,15,-1,-1,2.04113
160,16,-1,-1,2.09305
160,17,-1,-1,2.03193
160,18,-1,-1,2.05074
160,19,-1,-1,2.02761
161,0,-1,-1,2.10472
161,1,-1,-1,2.04624
161,2,-1,-1,2.06087
161,3,-1,-1,2.04599
161,4,-1,-1,2.066
161,5,-1,-1,2.08497
161,6,-1,-1,2.08036
161,7,-1,-1,2.03365
161,8,-1,-1,2.06522
161,9,-1,-1,2.06676
161,10,-1,-1,2.0844
161,11,-1,-1,2.04345
161,12,-1,-1,2.06649
161,13,-1,-1,2.04342
161,14,-1,-1,2.0584
161,15,-1,-1,2.08107
161,16,-1,-1,2.10996
161,17,-1,-1,2.06997
161,18,-1,-1,2.0803
161,19,-1,-1,2.08276
162,0,-1,-1,2.09869
162,1,-1,-1,2.08782
162,2,-1,-1,2.11117
162,3,-1,-1,2.10322
162,4,-1,-1,2.09675
162,5,-1,-1,2.07574
162,6,-1,-1,2.078
162,7,-1,-1,2.08708
162,8,-1,-1,2.07155
162,9,-1,-1,2.10176
162,10,-1,-1,2.10411
162,11,-1,-1,2.09008
162,12,-1,-1,2.07852
162,13,-1,-1,2.09746
162,14,-1,-1,2.08926
162,15,-1,-1,2.0773
162,16,-1,-1,2.06796
162,17,-1,-1,2.09884
162,18,-1,-1,2.05652
162,19,-1,-1,2.10213
163,0,-1,-1,2.11289
163,1,-1,-1,2.11795
163,2,-1,-1,2.1535
163,3,-1,-1,2.12988
163,4,-1,-1,2.10504
163,5,-1,-1,2.11775
163,6,-1,-1,2.10616
163,7,-1,-1,2.11234
163,8,-1,-1,2.10566
163,9,-1,-1,2.11611
163,10,-1,-1,2.10279
163,11,-1,-1,2.14937
163,12,-1,-1,2.13784
163,13,-1,-1,2.15052
163,14,-1,-1,2.08524
163,15,-1,-1,2.11645
163,16,-1,-1,2.12465
163,17,-1,-1,2.11016
163,18,-1,-1,2.12157
163,19,-1,-1,2.12026
164,0,-1,-1,2.15195
164,1,-1,-1,2.10133
164,2,-1,-1,2.15429
164,3,-1,-1,2.11614
164,4,-1,-1,2.14732
164,5,-1,-1,2.1275
164,6,-1,-1,2.16262
164,7,-1,-1,2.1451
164,8,-1,-1,2.15491
164,9,-1,-1,2.10757
164,10,-1,-1,2.16423
164,11,-1,-1,2.13563
164,12,-1,-1,2.15885
164,13,-1,-1,2.14744
164,14,-1,-1,2.17253
164,15,-1,-1,2.17058
164,16,-1,-1,2.13256
164,17,-1,-1,2.12037
164,18,-1,-1,2.13967
164,19,-1,-1,2.12903
165,0,-1,-1,2.18256
165,1,-1,-1,2.16601
165,2,-1,-1,2.15641
165,3,-1,-1,2.14078
165,4,-1,-1,2.21165
165,5,-1,-1,2.18781
165,6,-1,-1,2.19722
165,7,-1,-1,2.16308
165,8,-1,-1,2.15419
165,9,-1,-1,2.1939
165,10,-1,-1,2.17354
165,11,-1,-1,2.17296
165,12,-1,-1,2.13594
165,13,-1,-1,2.21365
165,14,-1,-1,2.18327
165,15,-1,-1,2.22434
165,16,-1,-1,2.22851
165,17,-1,-1,2.13259
165,18,-1,-1,2.17222
165,19,-1,-1,2.125
166,0,-1,-1,2.18833
166,1,-1,-1,2.18544
166,2,-1,-1,2.21698
166,3,-1,-1,2.21055
166,4,-1,-1,2.21496
166,5,-1,-1,2.25819
166,6,-1,-1,2.22619
166,7,-1,-1,2.21848
166,8,-1,-1,2.18798
166,9,-1,-1,2.21324
166,10,-1,-1,2.16857
166,11,-1,-1,2.18876
166,12,-1,-1,2.22878
166,13,-1,-1,2.20352
166,14,-1,-1,2.19358
166,15,-1,-1,2.18401
166,16,-1,-1,2.19356
166,17,-1,-1,2.21283
166,18,-1,-1,2.24418
166,19,-1,-1,2.15883
167,0,-1,-1,2.20482
167,1,-1,-1,2.2303
167,2,-1,-1,2.2473
167,3,-1,-1,2.21347
167,4,-1,-1,2.23427
167,5,-1,-1,2.24817
167,6,-1,-1,2.20854
167,7,-1,-1,2.26057
167,8,-1,-1,2.22522
167,9,-1,-1,2.22709
167,10,-1,-1,2.23036
167,11,-1,-1,2.20719
167,12,-1,-1,2.21514
167,13,-1,-1,2.19979
167,14,-1,-1,2.23884
167,15,-1,-1,2.19491
167,16,-1,-1,2.17812
167,17,-1,-1,2.22512
167,18,-1,-1,2.19998
167,19,-1,-1,2.2477
168,0,-1,-1,2.35685
168,1,-1,-1,2.24907
168,2,-1,-1,2.23047
168,3,-1,-1,2.24623
168,4,-1,-1,2.24652
168,5,-1,-1,2.28538
168,6,-1,-1,2.26453
168,7,-1,-1,2.27558
168,8,-1,-1,2.27604
168,9,-1,-1,2.23292
168,10,-1,-1,2.21731
168,11,-1,-1,2.27861
168,12,-1,-1,2.25027
168,13,-1,-1,2.28234
168,14,-1,-1,2.26178
168,15,-1,-1,2.23658
168,16,-1,-1,2.22059
168,17,-1,-1,2.28854
168,18,-1,-1,2.22932
168,19,-1,-1,2.25418
169,0,-1,-1,2.25593
169,1,-1,-1,2.33848
169,2,-1,-1,2.23899
169,3,-1,-1,2.27196
169,4,-1,-1,2.27836
169,5,-1,-1,2.30039
169,6,-1,-1,2.28046
169,7,-1,-1,2.28018
169,8,-1,-1,2.26478
169,9,-1,-1,2.24271
169,10,-1,-1,2.31235
169,11,-1,-1,2.28761
169,12,-1,-1,2.28941
169,13,-1,-1,2.24718
169,14,-1,-1,2.28777
169,15,-1,-1,2.26384
169,16,-1,-1,2.25341
169,17,-1,-1,2.27691
169,18,-1,-1,2.2774
169,19,-1,-1,2.28976
170,0,-1,-1,2.27902
170,1,-1,-1,2.30541
170,2,-1,-1,2.27346
170,3,-1,-1,2.32369
170,4,-1,-1,2.30788
170,5,-1,-1,2.34094
170,6,-1,-1,2.32876
170,7,-1,-1,2.29833
170,8,-1,-1,2.27021
170,9,-1,-1,2.29941
170,10,-1,-1,2.29655
170,11,-1,-1,2.32222
170,12,-1,-1,2.33508
170,13,-1,-1,2.30105
170,14,-1,-1,2.27562
170,15,-1,-1,2.32033
170,16,-1,-1,2.31834
170,17,-1,-1,2.32506
170,18,-1,-1,2.33173
170,19,-1,-1,2.3093
171,0,-1,-1,2.34161
171,1,-1,-1,2.30825
171,2,-1,-1,2.3789
171,3,-1,-1,2.30807
171,4,-1,-1,2.33455
171,5,-1,-1,2.34434
171,6,-1,-1,2.32325
171,7,-1,-1,2.33333
171,8,-1,-1,2.35688
171,9,-1,-1,2.343
171,10,-1,-1,2.34143
171,11,-1,-1,2.33957
171,12,-1,-1,2.33057
171,13,-1,-1,2.31422
171,14,-1,-1,2.32439
171,15,-1,-1,2.33517
171,16,-1,-1,2.34398
171,17,-1,-1,2.32402
171,18,-1,-1,2.32794
171,19,-1,-1,2.28314
172,0,-1,-1,2.36754
172,1,-1,-1,2.3949
172,2,-1,-1,2.36511
172,3,-1,-1,2.40714
172,4,-1,-1,2.33162
172,5,-1,-1,2.34927
172,6,-1,-1,2.36456
172,7,-1,-1,2.41424
172,8,-1,-1,2.36951
172,9,-1,-1,2.33475
172,10,-1,-1,2.34575
172,11,-1,-1,2.36212
172,12,-1,-1,2.33446
172,13,-1,-1,2.32886
172,14,-1,-1,2.41803
172,15,-1,-1,2.36238
172,16,-1,-1,2.37934
172,17,-1,-1,2.39278
172,18,-1,-1,2.33329
172,19,-1,-1,2.32435
173,0,-1,-1,2.40479
173,1,-1,-1,2.38049
173,2,-1,-1,2.37494
173,3,-1,-1,2.4019
173,4,-1,-1,2.40217
173,5,-1,-1,2.41365
173,6,-1,-1,2.36666
173,7,-1,-1,2.38005
173,8,-1,-1,2.42689
173,9,-1,-1,2.37948
173,10,-1,-1,2.38962
173,11,-1,-1,2.38821
173,12,-1,-1,2.40395
173,13,-1,-1,2.36727
173,14,-1,-1,2.39285
173,15,-1,-1,2.36369
173,16,-1,-1,2.35098
173,17,-1,-1,2.39643
173,18,-1,-1,2.38128
173,19,-1,-1,2.39824
174,0,-1,-1,2.41766
174,1,-1,-1,2.41007
174,2,-1,-1,2.41028
174,3,-1,-1,2.4957
174,4,-1,-1,2.43027
174,5,-1,-1,2.3849
174,6,-1,-1,2.39528
174,7,-1,-1,2.45503
174,8,-1,-1,2.42145
174,9,-1,-1,2.39804
174,10,-1,-1,2.37593
174,11,-1,-1,2.39579
174,12,-1,-1,2.41802
174,13,-1,-1,2.40478
174,14,-1,-1,2.40682
174,15,-1,-1,2.39533
174,16,-1,-1,2.39273
174,17,-1,-1,2.43431
174,18,-1,-1,2.45126
174,19,-1,-1,2.41799
175,0,-1,-1,2.46074
175,1,-1,-1,2.46392
175,2,-1,-1,2.40035
175,3,-1,-1,2.44564
175,4,-1,-1,2.45937
175,5,-1,-1,2.46029
175,6,-1,-1,2.50567
175,7,-1,-1,2.38104
175,8,-1,-1,2.46068
175,9,-1,-1,2.48119
175,10,-1,-1,2.39371
175,11,-1,-1,2.46419
175,12,-1,-1,2.43709
175,13,-1,-1,2.52994
175,14,-1,-1,2.46833
175,15,-1,-1,2.40523
175,16,-1,-1,2.43966
175,17,-1,-1,2.46152
175,18,-1,-1,2.46175
175,19,-1,-1,2.44464
176,0,-1,-1,2.46632
176,1,-1,-1,2.48477
176,2,-1,-1,2.4763
176,3,-1,-1,2.49236
176,4,-1,-1,2.48671
176,5,-1,-1,2.48415
176,6,-1,-1,2.50923
176,7,-1,-1,2.47795
176,8,-1,-1,2.43634
176,9,-1,-1,2.49088
176,10,-1,-1,2.5083
176,11,-1,-1,2.49109
176,12,-1,-1,2.47989
176,13,-1,-1,2.52367
176,14,-1,-1,2.4305
176,15,-1,-1,2.41317
176,16,-1,-1,2.47636
176,17,-1,-1,2.44573
176,18,-1,-1,2.50899
176,19,-1,-1,2.49359
177,0,-1,-1,2.44519
177,1,-1,-1,2.48914
177,2,-1,-1,2.46251
177,3,-1,-1,2.50204
177,4,-1,-1,2.49687
177,5,-1,-1,2.48161
177,6,-1,-1,2.48256
177,7,-1,-1,2.5154
177,8,-1,-1,2.48558
177,9,-1,-1,2.54546
177,10,-1,-1,2.52614
177,11,-1,-1,2.52933
177,12,-1,-1,2.47743
177,13,-1,-1,2.48375
177,14,-1,-1,2.5065
177,15,-1,-1,2.45715
177,16,-1,-1,2.51663
177,17,-1,-1,2.51369
177,18,-1,-1,2.51628
177,19,-1,-1,2.50004
178,0,-1,-1,2.5623
178,1,-1,-1,2.48624
178,2,-1,-1,2.55157
178,3,-1,-1,2.56266
178,4,-1,-1,2.53887
178,5,-1,-1,2.5119
178,6,-1,-1,2.51105
178,7,-1,-1,2.51045
178,8,-1,-1,2.52977
178,9,-1,-1,2.51445
178,10,-1,-1,2.54232
178,11,-1,-1,2.56896
178,12,-1,-1,2.55394
178,13,-1,-1,2.51123
178,14,-1,-1,2.57867
178,15,-1,-1,2.51559
178,16,-1,-1,2.4975
178,17,-1,-1,2.54294
178,18,-1,-1,2.54099
178,19,-1,-1,2.57208
179,0,-1,-1,2.55462
179,1,-1,-1,2.5965
179,2,-1,-1,2.54851
179,3,-1,-1,2.50079
179,4,-1,-1,2.59071
179,5,-1,-1,2.49074
179,6,-1,-1,2.56666
179,7,-1,-1,2.56501
179,8,-1,-1,2.55838
179,9,-1,-1,2.55635
179,10,-1,-1,2.59168
179,11,-1,-1,2.50536
179,12,-1,-1,2.53619
179,13,-1,-1,2.51831
179,14,-1,-1,2.53912
179,15,-1,-1,2.57926
179,16,-1,-1,2.54255
179,17,-1,-1,2.55229
179,18,-1,-1,2.53376
179,19,-1,-1,2.56625
180,0,-1,-1,2.58412
180,1,-1,-1,2.66293
180,2,-1,-1,2.57962
180,3,-1,-1,2.61807
180,4,-1,-1,2.56209
180,5,-1,-1,2.59093
180,6,-1,-1,2.57197
180,7,-1,-1,2.56822
180,8,-1,-1,2.60055
180,9,-1,-1,2.62636
180,10,-1,-1,2.62521
180,11,-1,-1,2.62455
180,12,-1,-1,2.5554
180,13,-1,-1,2.59487
180,14,-1,-1,2.59899
180,15,-1,-1,2.61602
180,16,-1,-1,2.58817
180,17,-1,-1,2.6077
180,18,-1,-1,2.57498
180,19,-1,-1,2.62532
181,0,-1,-1,2.60405
181,1,-1,-1,2.59867
181,2,-1,-1,2.6187
181,3,-1,-1,2.59268
181,4,-1,-1,2.64945
181,5,-1,-1,2.60969
181,6,-1,-1,2.60554
181,7,-1,-1,2.63319
181,8,-1,-1,2.56541
181,9,-1,-1,2.67963
181,10,-1,-1,2.59588
181,11,-1,-1,2.58974
181,12,-1,-1,2.58151
181,13,-1,-1,2.59787
181,14,-1,-1,2.63156
181,15,-1,-1,2.57554
181,16,-1,-1,2.63849
181,17,-1,-1,2.64338
181,18,-1,-1,2.62761
181,19,-1,-1,2.59352
182,0,-1,-1,2.63775
182,1,-1,-1,2.63802
182,2,-1,-1,2.65425
182,3,-1,-1,2.64702
182,4,-1,-1,2.62904
182,5,-1,-1,2.64444
182,6,-1,-1,2.64009
182,7,-1,-1,2.64345
182,8,-1,-1,2.57389
182,9,-1,-1,2.62204
182,10,-1,-1,2.6229
182,11,-1,-1,2.64946
182,12,-1,-1,2.68379
182,13,-1,-1,2.64061
182,14,-1,-1,2.67557
182,15,-1,-1,2.61336
182,16,-1,-1,2.62441
182,17,-1,-1,2.66604
182,18,-1,-1,2.6399
182,19,-1,-1,2.63317
183,0,-1,-1,2.69015
183,1,-1,-1,2.7002
183,2,-1,-1,2.70311
183,3,-1,-1,2.6853
183,4,-1,-1,2.69708
183,5,-1,-1,2.71279
183,6,-1,-1,2.70837
183,7,-1,-1,2.67638
183,8,-1,-1,2.68626
183,9,-1,-1,2.66865
183,10,-1,-1,2.66108
183,11,-1,-1,2.64489
183,12,-1,-1,2.65521
183,13,-1,-1,2.65069
183,14,-1,-1,2.64403
183,15,-1,-1,2.64176
183,16,-1,-1,2.60925
183,17,-1,-1,2.64978
183,18,-1,-1,2.63258
183,19,-1,-1,2.682
184,0,-1,-1,2.6815
184,1,-1,-1,2.65407
184,2,-1,-1,2.72821
184,3,-1,-1,2.7198
184,4,-1,-1,2.74483
184,5,-1,-1,2.71546
184,6,-1,-1,2.67037
184,7,-1,-1,2.73098
184,8,-1,-1,2.6802
184,9,-1,-1,2.72976
184,10,-1,-1,2.69113
184,11,-1,-1,2.73898
184,12,-1,-1,2.73658
184,13,-1,-1,2.70057
184,14,-1,-1,2.76412
184,15,-1,-1,2.74519
184,16,-1,-1,2.64206
184,17,-1,-1,2.77643
184,18,-1,-1,2.70576
184,19,-1,-1,2.6663
185,0,-1,-1,2.71164
185,1,-1,-1,2.75816
185,2,-1,-1,2.73323
185,3,-1,-1,2.74098
185,4,-1,-1,2.73277
185,5,-1,-1,2.6897
185,6,-1,-1,2.76247
185,7,-1,-1,2.75038
185,8,-1,-1,2.70308
185,9,-1,-1,2.72432
185,10,-1,-1,2.69895
185,11,-1,-1,2.74615
185,12,-1,-1,2.68341
185,13,-1,-1,2.71249
185,14,-1,-1,2.71925
185,15,-1,-1,2.71809
185,16,-1,-1,2.70151
185,17,-1,-1,2.75031
185,18,-1,-1,2.72809
185,19,-1,-1,2.7208
186,0,-1,-1,2.82435
186,1,-1,-1,2.82267
186,2,-1,-1,2.83679
186,3,-1,-1,2.81933
186,4,-1,-1,2.7959
186,5,-1,-1,2.8188
186,6,-1,-1,2.82653
186,7,-1,-1,2.81687
186,8,-1,-1,2.78978
186,9,-1,-1,2.77175
186,10,-1,-1,2.74364
186,11,-1,-1,2.79962
186,12,-1,-1,2.77816
186,13,-1,-1,2.82196
186,14,-1,-1,2.85207
186,15,-1,-1,2.81782
186,16,-1,-1,2.78604
186,17,-1,-1,2.81731
186,18,-1,-1,2.77429
186,19,-1,-1,2.79436
187,0,-1,-1,2.82312
187,1,-1,-1,2.86368
187,2,-1,-1,2.82957
187,3,-1,-1,2.79129
187,4,-1,-1,2.83924
187,5,-1,-1,2.77915
187,6,-1,-1,2.83235
187,7,-1,-1,2.84283
187,8,-1,-1,2.81639
187,9,-1,-1,2.83869
187,10,-1,-1,2.79264
187,11,-1,-1,2.82947
187,12,-1,-1,2.83583
187,13,-1,-1,2.80823
187,14,-1,-1,2.80846
187,15,-1,-1,2.84399
187,16,-1,-1,2.77679
187,17,-1,-1,2.84089
187,18,-1,-1,2.83207
187,19,-1,-1,2.83116
188,0,-1,-1,2.85465
188,1,-1,-1,2.82068
188,2,-1,-1,2.84573
188,3,-1,-1,2.82332
188,4,-1,-1,2.83652
188,5,-1,-1,2.89449
188,6,-1,-1,2.86391
188,7,-1,-1,2.82408
188,8,-1,-1,2.78649
188,9,-1,-1,2.85531
188,10,-1,-1,2.87819
188,11,-1,-1,2.90301
188,12,-1,-1,2.8778
188,13,-1,-1,2.88519
188,14,-1,-1,2.88534
188,15,-1,-1,2.867
188,16,-1,-1,2.83753
188,17,-1,-1,2.83166
188,18,-1,-1,2.82602
188,19,-1,-1,2.87524
189,0,-1,-1,2.86118
189,1,-1,-1,2.85551
189,2,-1,-1,2.87529
189,3,-1,-1,2.85638
189,4,-1,-1,2.89833
189,5,-1,-1,2.87874
189,6,-1,-1,2.9173
189,7,-1,-1,2.88124
189,8,-1,-1,2.92873
189,9,-1,-1,2.91807
189,10,-1,-1,2.86272
189,11,-1,-1,2.87654
189,12,-1,-1,2.89211
189,13,-1,-1,2.88303
189,14,-1,-1,2.88262
189,15,-1,-1,2.89204
189,16,-1,-1,2.95676
189,17,-1,-1,2.95543
189,18,-1,-1,2.89949
189,19,-1,-1,2.88505
190,0,-1,-1,2.86924
190,1,-1,-1,2.82146
190,2,-1,-1,2.89854
190,3,-1,-1,2.91126
190,4,-1,-1,2.95752
190,5,-1,-1,2.89485
190,6,-1,-1,2.91655
190,7,-1,-1,2.85002
190,8,-1,-1,2.87377
190,9,-1,-1,2.88955
190,10,-1,-1,2.89438
190,11,-1,-1,2.85689
190,12,-1,-1,2.87278
190,13,-1,-1,2.91073
190,14,-1,-1,2.91886
190,15,-1,-1,2.84785
190,16,-1,-1,2.88733
190,17,-1,-1,2.88512
190,18,-1,-1,2.89808
190,19,-1,-1,2.88856
191,0,-1,-1,2.92101
191,1,-1,-1,2.97339
191,2,-1,-1,2.88039
191,3,-1,-1,2.93141
191,4,-1,-1,2.94938
191,5,-1,-1,2.8602
191,6,-1,-1,2.92675
191,7,-1,-1,2.93547
191,8,-1,-1,2.93011
191,9,-1,-1,2.89794
191,10,-1,-1,2.91153
191,11,-1,-1,2.92291
191,12,-1,-1,2.93237
191,13,-1,-1,2.93462
191,14,-1,-1,2.97585
191,15,-1,-1,2.92883
191,16,-1,-1,2.86667
191,17,-1,-1,2.93772
191,18,-1,-1,2.91109
191,19,-1,-1,2.91521
192,0,-1,-1,2.98378
192,1,-1,-1,2.92493
192,2,-1,-1,2.91135
192,3,-1,-1,2.91007
192,4,-1,-1,2.92276
192,5,-1,-1,2.97156
192,6,-1,-1,2.95352
192,7,-1,-1,2.93871
192,8,-1,-1,2.93283
192,9,-1,-1,2.96195
192,10,-1,-1,3.02909
192,11,-1,-1,2.96324
192,12,-1,-1,2.94894
192,13,-1,-1,2.93179
192,14,-1,-1,2.97825
192,15,-1,-1,3.00182
192,16,-1,-1,2.97633
192,17,-1,-1,2.93568
192,18,-1,-1,2.96159
192,19,-1,-1,2.91778
193,0,-1,-1,2.98938
193,1,-1,-1,2.95104
193,2,-1,-1,2.9734
193,3,-1,-1,2.94398
193,4,-1,-1,2.98161
193,5,-1,-1,2.98524
193,6,-1,-1,2.94758
193,7,-1,-1,2.96632
193,8,-1,-1,2.97995
193,9,-1,-1,2.94447
193,10,-1,-1,2.96506
193,11,-1,-1,2.97191
193,12,-1,-1,2.92169
193,13,-1,-1,2.96521
193,14,-1,-1,2.9664
193,15,-1,-1,2.97316
193,16,-1,-1,3.01445
193,17,-1,-1,2.98752
193,18,-1,-1,2.96609
193,19,-1,-1,2.92457
194,0,-1,-1,2.96546
194,1,-1,-1,3.01085
194,2,-1,-1,2.99803
194,3,-1,-1,3.06281
194,4,-1,-1,3.00691
194,5,-1,-1,2.96589
194,6,-1,-1,2.98677
194,7,-1,-1,2.97265
194,8,-1,-1,2.96299
194,9,-1,-1,3.01185
194,10,-1,-1,3.02455
194,11,-1,-1,2.97914
194,12,-1,-1,3.0242
194,13,-1,-1,3.02726
194,14,-1,-1,3.1078
194,15,-1,-1,3.00861
194,16,-1,-1,3.02738
194,17,-1,-1,3.00401
194,18,-1,-1,3.02576
194,19,-1,-1,3.00097
195,0,-1,-1,3.01423
195,1,-1,-1,3.0528
195,2,-1,-1,3.08624
195,3,-1,-1,2.98748
195,4,-1,-1,2.9774
195,5,-1,-1,3.04455
195,6,-1,-1,3.02691
195,7,-1,-1,2.99753
195,8,-1,-1,3.07728
195,9,-1,-1,3.10277
195,10,-1,-1,3.09006
195,11,-1,-1,3.01952
195,12,-1,-1,3.03154
195,13,-1,-1,3.06032
195,14,-1,-1,3.06346
195,15,-1,-1,3.03204
195,16,-1,-1,3.02514
195,17,-1,-1,3.05149
195,18,-1,-1,3.06431
195,19,-1,-1,3.06675
196,0,-1,-1,3.06193
196,1,-1,-1,3.04957
196,2,-1,-1,3.10151
196,3,-1,-1,2.98916
196,4,-1,-1,3.04747
196,5,-1,-1,3.08007
196,6,-1,-1,3.09235
196,7,-1,-1,3.02703
196,8,-1,-1,3.07736
196,9,-1,-1,3.08286
196,10,-1,-1,3.11165
196,11,-1,-1,3.0831
196,12,-1,-1,3.07619
196,13,-1,-1,3.04346
196,14,-1,-1,3.08128
196,15,-1,-1,3.04259
196,16,-1,-1,3.02511
196,17,-1,-1,3.10077
196,18,-1,-1,3.10239
196,19,-1,-1,3.06688
197,0,-1,-1,3.16747
197,1,-1,-1,3.09986
197,2,-1,-1,3.1626
197,3,-1,-1,3.14736
197,4,-1,-1,3.11396
197,5,-1,-1,3.09494
197,6,-1,-1,3.09262
197,7,-1,-1,3.13511
197,8,-1,-1,3.13387
197,9,-1,-1,3.10328
197,10,-1,-1,3.18921
197,11,-1,-1,3.07784
197,12,-1,-1,3.1039
197,13,-1,-1,3.09355
197,14,-1,-1,3.02132
197,15,-1,-1,3.09162
197,16,-1,-1,3.07381
197,17,-1,-1,3.10488
197,18,-1,-1,3.07901
197,19,-1,-1,3.06318
198,0,-1,-1,3.16295
198,1,-1,-1,3.17608
198,2,-1,-1,3.1436
198,3,-1,-1,3.15114
198,4,-1,-1,3.15951
198,5,-1,-1,3.14296
198,6,-1,-1,3.19755
198,7,-1,-1,3.15799
198,8,-1,-1,3.10863
198,9,-1,-1,3.16829
198,10,-1,-1,3.194
198,11,-1,-1,3.13479
198,12,-1,-1,3.09242
198,13,-1,-1,3.12008
198,14,-1,-1,3.19005
198,15,-1,-1,3.12412
198,16,-1,-1,3.18362
198,17,-1,-1,3.08028
198,18,-1,-1,3.15471
198,19,-1,-1,3.11341
199,0,-1,-1,3.18214
199,1,-1,-1,3.20371
199,2,-1,-1,3.20415
199,3,-1,-1,3.20211
199,4,-1,-1,3.17981
199,5,-1,-1,3.21275
199,6,-1,-1,3.11334
199,7,-1,-1,3.20188
199,8,-1,-1,3.12353
199,9,-1,-1,3.19742
199,10,-1,-1,3.16661
199,11,-1,-1,3.21735
199,12,-1,-1,3.24557
199,13,-1,-1,3.17763
199,14,-1,-1,3.1654
199,15,-1,-1,3.11452
199,16,-1,-1,3.18792
199,17,-1,-1,3.18889
199,18,-1,-1,3.18218
199,19,-1,-1,3.16596
