i = 0
	0	7	1	2	2	1	5	0	
0	7	7	7	7	7	7	7	7	
7	7	7	7	7	7	7	7	7	
1	7	7	7	7	7	7	7	7	
2	7	7	7	7	7	7	7	7	
2	7	7	7	7	7	7	7	7	
1	7	7	7	7	7	7	7	7	
5	7	7	7	7	7	7	7	7	
0	7	7	7	7	7	7	7	7	
i = 1
	0	7	1	2	2	1	5	0	
0	16	6	6	6	6	6	6	6	
7	7	16	7	7	7	7	7	7	
1	6	6	16	6	6	6	6	6	
2	6	6	6	16	6	6	6	6	
2	6	6	6	6	16	6	6	6	
1	6	6	6	6	6	16	6	6	
5	6	6	6	6	6	6	16	6	
0	6	6	6	6	6	6	6	16	
i = 2
	0	7	1	2	2	1	5	0	
0	16	5	6	5	5	5	5	5	
7	7	16	7	6	6	7	6	7	
1	6	6	16	6	6	6	6	6	
2	6	5	6	16	5	6	5	6	
2	6	5	6	5	16	6	5	6	
1	6	5	6	5	5	16	5	6	
5	6	5	6	5	5	6	16	6	
0	5	5	6	5	5	5	5	16	
i = 3
	0	7	1	2	2	1	5	0	
0	16	4	5	5	4	5	4	5	
7	7	16	7	6	6	7	5	7	
1	5	4	16	6	4	5	4	5	
2	6	5	6	16	5	6	5	6	
2	6	4	6	5	16	6	4	6	
1	5	4	5	5	4	16	4	5	
5	6	4	6	5	5	6	16	6	
0	5	4	5	5	4	5	4	16	
i = 4
	0	7	1	2	2	1	5	0	
0	16	3	5	4	4	5	3	5	
7	7	16	7	6	6	7	5	7	
1	5	3	16	4	4	5	3	5	
2	6	4	6	16	5	6	4	6	
2	6	4	6	5	16	6	4	6	
1	5	3	5	4	4	16	3	5	
5	6	4	6	5	5	6	16	6	
0	5	3	5	4	4	5	3	16	
i = 5
	0	7	1	2	2	1	5	0	
0	16	2	4	3	3	5	2	4	
7	7	16	7	6	6	7	5	7	
1	5	3	16	4	4	5	3	5	
2	6	4	6	16	5	6	4	6	
2	6	4	6	5	16	6	4	6	
1	5	3	5	4	4	16	3	5	
5	6	4	6	5	5	6	16	6	
0	4	2	4	3	3	5	2	16	
i = 6
	0	7	1	2	2	1	5	0	
0	16	1	4	3	3	5	2	4	
7	7	16	7	6	6	7	5	7	
1	5	2	16	4	4	5	3	5	
2	5	3	5	16	4	5	4	5	
2	5	3	5	4	16	5	4	5	
1	5	2	5	4	4	16	3	5	
5	6	4	6	5	5	6	16	6	
0	4	1	4	3	3	5	2	16	
i = 7
	0	7	1	2	2	1	5	0	
0	16	1	3	3	3	3	2	4	
7	7	16	6	6	6	6	5	7	
1	5	2	16	4	4	4	3	5	
2	5	3	4	16	4	4	4	5	
2	5	3	4	4	16	4	4	5	
1	5	2	4	4	4	16	3	5	
5	6	4	5	5	5	5	16	6	
0	4	1	4	3	3	5	2	16	
